Vertex Count: 36

Data:

-1 1 -1 0.000123 7.99894e-05 0 0 -1
1 1 -1 1.00004 7.99894e-05 0 0 -1
-1 -1 -1 0.000123 0.999543 0 0 -1
-1 1 1 0.000123 7.99894e-05 0 1 -0
1 1 1 1.00004 7.99894e-05 0 1 -0
-1 1 -1 0.000123 0.999543 0 1 -0
1 -1 1 1.00004 7.99894e-05 0 0 1
1 1 1 1.00004 0.999543 0 0 1
-1 1 1 0.000123 0.999543 0 0 1
-1 -1 -1 0.000123 7.99894e-05 0 -1 -0
1 -1 -1 1.00004 7.99894e-05 0 -1 -0
-1 -1 1 0.000123 0.999543 0 -1 -0
1 1 -1 0.000123 7.99894e-05 1 0 -0
1 1 1 1.00004 7.99894e-05 1 0 -0
1 -1 -1 0.000123 0.999543 1 0 -0
-1 1 1 0.000123 7.99894e-05 -1 0 -0
-1 1 -1 1.00005 7.99894e-05 -1 0 -0
-1 -1 1 0.000123 0.999543 -1 0 -0
1 1 -1 1.00004 7.99894e-05 0 0 -1
1 -1 -1 1.00004 0.999543 0 0 -1
-1 -1 -1 0.000123 0.999543 0 0 -1
1 1 1 1.00004 7.99894e-05 1 0 -0
1 -1 1 1.00004 0.999543 1 0 -0
1 -1 -1 0.000123 0.999543 1 0 -0
-1 -1 1 0.000123 7.99894e-05 0 0 1
1 -1 1 1.00004 7.99894e-05 0 0 1
-1 1 1 0.000123 0.999543 0 0 1
-1 1 -1 1.00004 7.99894e-05 -1 0 -0
-1 -1 -1 1.00005 0.999543 -1 0 -0
-1 -1 1 0.000123 0.999543 -1 0 -0
1 1 1 1.00004 7.99894e-05 0 1 -0
1 1 -1 1.00004 0.999543 0 1 -0
-1 1 -1 0.000123 0.999543 0 1 -0
1 -1 -1 1.00004 7.99894e-05 0 -1 -0
1 -1 1 1.00004 0.999543 0 -1 -0
-1 -1 1 0.000123 0.999543 0 -1 -0