Vertex Count: 264

Data:

0 -0.385575 0.367314 0.40625 0.6875 0.381904 0.063786 0.921998
0.259731 -0.385575 0.259731 0.375 0.6875 0.381904 0.063786 0.921998
0.178537 1.27417 0.178537 0.375 0.31156 0.381984 0.040285 0.92329
-0.259731 -0.385575 0.259731 0.4375 0.6875 -0.381904 0.063786 0.921998
0 -0.385575 0.367314 0.40625 0.6875 -0.381904 0.063786 0.921998
0 1.27417 0.25249 0.40625 0.31156 -0.382618 0.041086 0.922993
-0.367314 -0.385575 -0 0.46875 0.6875 -0.921998 0.063786 0.381904
-0.259731 -0.385575 0.259731 0.4375 0.6875 -0.921998 0.063786 0.381904
-0.178537 1.27417 0.178537 0.4375 0.31156 -0.92249 0.040848 0.383853
-0.259731 -0.385575 -0.259731 0.5 0.6875 -0.921998 0.063786 -0.381904
-0.367314 -0.385575 -0 0.46875 0.6875 -0.921998 0.063786 -0.381904
-0.25249 1.27417 -0 0.46875 0.31156 -0.922978 0.040018 -0.382766
0 -0.385575 -0.367314 0.53125 0.6875 -0.381904 0.063786 -0.921998
-0.259731 -0.385575 -0.259731 0.5 0.6875 -0.381904 0.063786 -0.921998
-0.178537 1.27417 -0.178537 0.5 0.31156 -0.381984 0.040285 -0.923291
0.259731 -0.385575 -0.259731 0.5625 0.6875 0.381904 0.063786 -0.921998
0 -0.385575 -0.367314 0.53125 0.6875 0.381904 0.063786 -0.921998
0 1.27417 -0.25249 0.53125 0.31156 0.381984 0.040292 -0.92329
0.367314 -0.385575 -0 0.59375 0.6875 0.921998 0.063786 -0.381904
0.259731 -0.385575 -0.259731 0.5625 0.6875 0.921998 0.063786 -0.381904
0.178537 1.27417 -0.178537 0.5625 0.31156 0.922978 0.040025 -0.382766
0.259731 -0.385575 0.259731 0.625 0.6875 0.921998 0.063786 0.381904
0.367314 -0.385575 -0 0.59375 0.6875 0.921998 0.063786 0.381904
0.25249 1.27417 -0 0.59375 0.31156 0.922978 0.040018 0.382766
0.259731 -0.385575 0.259731 0.610485 0.954235 0 -1 -0
0 -0.385575 0.367314 0.5 1 0 -1 -0
0 -0.385575 -0 0.5 0.85 0 -1 0
0 -0.385575 -0 0.5 0.85 0 -1 0
0 -0.385575 0.367314 0.5 1 0 -1 -0
-0.259731 -0.385575 0.259731 0.389515 0.954235 0 -1 -0
0 -0.385575 -0 0.5 0.85 0 -1 0
-0.367314 -0.385575 -0 0.34375 0.84375 0 -1 0
-0.259731 -0.385575 -0.259731 0.389515 0.733265 0 -1 0
0 -0.385575 -0 0.5 0.85 0 -1 0
0 -0.385575 -0.367314 0.5 0.6875 0 -1 0
0.259731 -0.385575 -0.259731 0.610485 0.733265 0 -1 0
0.737819 4.13163 0 0.5 0.1625 0.497829 0.867275 1e-06
0.737819 4.13163 0.035456 0.5 0 0.497831 0.867274 -0
0.762319 4.11756 0.025071 0.610485 0.045765 0.497833 0.867273 -0
0.737819 4.13163 0 0.5 0.1625 0.497829 0.867275 1e-06
0.713471 4.1456 0.025071 0.389515 0.045765 0.497829 0.867275 -1.6e-05
0.737819 4.13163 0.035456 0.5 0 0.497831 0.867274 -0
0.737819 4.13163 0 0.5 0.1625 0.497829 0.867275 1e-06
0.703169 4.15152 0 0.34375 0.15625 0.497825 0.867277 -1.5e-05
0.713471 4.1456 0.025071 0.389515 0.045765 0.497829 0.867275 -1.6e-05
0.737819 4.13163 0 0.5 0.1625 0.497829 0.867275 1e-06
0.713317 4.14569 -0.025071 0.389515 0.266735 0.497823 0.867279 -0
0.703169 4.15152 0 0.34375 0.15625 0.497825 0.867277 -1.5e-05
0.737819 4.13163 0 0.5 0.1625 0.497829 0.867275 1e-06
0.737818 4.13163 -0.035456 0.5 0.3125 0.497825 0.867278 1e-05
0.713317 4.14569 -0.025071 0.389515 0.266735 0.497823 0.867279 -0
0.737819 4.13163 0 0.5 0.1625 0.497829 0.867275 1e-06
0.762319 4.11756 -0.025071 0.610485 0.266735 0.497833 0.867273 1.7e-05
0.737818 4.13163 -0.035456 0.5 0.3125 0.497825 0.867278 1e-05
0.737819 4.13163 0 0.5 0.1625 0.497829 0.867275 1e-06
0.772467 4.11174 -0 0.65625 0.15625 0.497837 0.867271 7e-06
0.762319 4.11756 -0.025071 0.610485 0.266735 0.497833 0.867273 1.7e-05
0.737819 4.13163 0 0.5 0.1625 0.497829 0.867275 1e-06
0.762319 4.11756 0.025071 0.610485 0.045765 0.497833 0.867273 -0
0.772467 4.11174 -0 0.65625 0.15625 0.497837 0.867271 7e-06
0 1.27417 0.25249 0.5 0 0.381984 0.040292 0.92329
0.178537 1.27417 0.178537 0.610485 0.045765 0.381984 0.040285 0.92329
0.177253 2.56393 0.176145 0.610485 0.045765 0.381626 0.000598 0.924317
-0.178537 1.27417 0.178537 0.389515 0.045765 -0.382618 0.041087 0.922993
0 1.27417 0.25249 0.5 0 -0.382618 0.041086 0.922993
0 2.56393 0.249107 0.5 0 -0.383378 0.002535 0.923588
-0.25249 1.27417 -0 0.34375 0.15625 -0.922491 0.040843 0.383853
-0.178537 1.27417 0.178537 0.389515 0.045765 -0.92249 0.040848 0.383853
-0.176145 2.44996 0.176145 0.389515 0.045765 -0.922208 0.001949 0.386689
-0.178537 1.27417 -0.178537 0.389515 0.266735 -0.922978 0.040025 -0.382766
-0.25249 1.27417 -0 0.34375 0.15625 -0.922978 0.040018 -0.382766
-0.250673 2.56393 -0 0.34375 0.15625 -0.921913 0.05409 -0.383602
0 1.27417 -0.25249 0.5 0.3125 -0.381984 0.040292 -0.92329
-0.178537 1.27417 -0.178537 0.389515 0.266735 -0.381984 0.040285 -0.923291
-0.177253 2.56393 -0.176146 0.389515 0.266735 -0.380916 0.029753 -0.924131
0.178537 1.27417 -0.178537 0.610485 0.266735 0.381984 0.040285 -0.923291
0 1.27417 -0.25249 0.5 0.3125 0.381984 0.040292 -0.92329
0 2.56393 -0.249107 0.5 0.3125 0.381635 0.00098 -0.924313
0.25249 1.27417 -0 0.65625 0.15625 0.922978 0.040018 -0.382766
0.178537 1.27417 -0.178537 0.610485 0.266735 0.922978 0.040025 -0.382766
0.177253 2.56393 -0.176146 0.610485 0.266735 0.923158 -0.021504 -0.383819
0.178537 1.27417 0.178537 0.610485 0.045765 0.922978 0.040025 0.382766
0.25249 1.27417 -0 0.65625 0.15625 0.922978 0.040018 0.382766
0.250673 2.56393 -0 0.65625 0.15625 0.923091 -0.024183 0.38382
0.243022 3.49351 0.156158 0.5 0 0.378185 -0.03619 0.925022
0.073214 2.84399 0.221105 0.5 0 0.383465 -0.00723 0.923527
0.229576 2.836 0.156345 0.610485 0.045765 0.383851 -0.007332 0.923366
0.135787 3.51984 0.11042 0.389515 0.045765 -0.291821 0.237475 0.926524
-0.082171 2.95268 0.156345 0.389515 0.045765 -0.300801 0.181189 0.936317
0.073214 2.84399 0.221105 0.5 0 -0.300801 0.181189 0.936317
0.090415 3.53098 -0 0.34375 0.15625 -0.830777 0.466065 0.304292
-0.147914 2.85527 -0 0.34375 0.15625 -0.901856 0.340899 0.265413
-0.082171 2.95268 0.156345 0.389515 0.045765 -0.901856 0.340899 0.265413
0.135113 3.52001 -0.11042 0.389515 0.266735 -0.808489 0.455102 -0.373131
-0.083147 2.85197 -0.156345 0.389515 0.266735 -0.874731 0.309955 -0.372523
-0.147914 2.85527 -0 0.34375 0.15625 -0.874862 0.309988 -0.372189
0.243022 3.49351 -0.156158 0.5 0.3125 -0.321318 0.261846 -0.91005
0.073214 2.84399 -0.221105 0.5 0.3125 -0.362618 0.183686 -0.913656
-0.083147 2.85197 -0.156345 0.389515 0.266735 -0.363942 0.184026 -0.913061
0.350931 3.46701 -0.110421 0.610485 0.266735 0.375232 -0.048321 -0.925671
0.229576 2.836 -0.156345 0.610485 0.266735 0.383852 -0.007332 -0.923366
0.073214 2.84399 -0.221105 0.5 0.3125 0.383465 -0.00723 -0.923527
0.395628 3.45604 -0 0.65625 0.15625 0.880973 -0.272198 -0.387034
0.294343 2.8327 -0 0.65625 0.15625 0.91235 -0.14796 -0.38174
0.229576 2.836 -0.156345 0.610485 0.266735 0.912377 -0.147967 -0.381674
0.350931 3.46701 0.110421 0.610485 0.045765 0.886155 -0.25526 0.386746
0.229576 2.836 0.156345 0.610485 0.045765 0.912377 -0.147967 0.381674
0.294343 2.8327 -0 0.65625 0.15625 0.91235 -0.14796 0.38174
0.737819 4.13163 0.035456 0.5 0 0.360543 -0.105345 0.926775
0.243022 3.49351 0.156158 0.5 0 0.378185 -0.03619 0.925022
0.350931 3.46701 0.110421 0.610485 0.045765 0.375233 -0.048322 0.92567
0.713471 4.1456 0.025071 0.389515 0.045765 -0.26596 0.370756 0.889834
0.135787 3.51984 0.11042 0.389515 0.045765 -0.291821 0.237475 0.926524
0.243022 3.49351 0.156158 0.5 0 -0.287787 0.260717 0.921523
0.703169 4.15152 0 0.34375 0.15625 -0.663602 0.658208 0.35552
0.090415 3.53098 -0 0.34375 0.15625 -0.830777 0.466065 0.304292
0.135787 3.51984 0.11042 0.389515 0.045765 -0.819563 0.482461 0.309108
0.713317 4.14569 -0.025071 0.389515 0.266735 -0.664864 0.659416 -0.350895
0.135113 3.52001 -0.11042 0.389515 0.266735 -0.808489 0.455102 -0.373131
0.090415 3.53098 -0 0.34375 0.15625 -0.817363 0.43834 -0.373866
0.737818 4.13163 -0.035456 0.5 0.3125 -0.26433 0.369658 -0.890777
0.243022 3.49351 -0.156158 0.5 0.3125 -0.321318 0.261846 -0.91005
0.135113 3.52001 -0.11042 0.389515 0.266735 -0.332134 0.239793 -0.912242
0.762319 4.11756 -0.025071 0.610485 0.266735 0.36054 -0.105343 -0.926776
0.350931 3.46701 -0.110421 0.610485 0.266735 0.375232 -0.048321 -0.925671
0.243022 3.49351 -0.156158 0.5 0.3125 0.378184 -0.036189 -0.925023
0.772467 4.11174 -0 0.65625 0.15625 0.802206 -0.459137 -0.381652
0.395628 3.45604 -0 0.65625 0.15625 0.880973 -0.272198 -0.387034
0.350931 3.46701 -0.110421 0.610485 0.266735 0.886155 -0.25526 -0.386746
0.762319 4.11756 0.025071 0.610485 0.045765 0.802206 -0.459137 0.381652
0.350931 3.46701 0.110421 0.610485 0.045765 0.886155 -0.25526 0.386746
0.395628 3.45604 -0 0.65625 0.15625 0.880973 -0.272199 0.387034
0.073214 2.84399 0.221105 0.5 0 0.383465 -0.00723 0.923527
0 2.56393 0.249107 0.5 0 0.381635 0.00098 0.924313
0.177253 2.56393 0.176145 0.610485 0.045765 0.381626 0.000598 0.924317
-1.02621 3.63703 0.771494 0.389515 0.045765 -0.151764 0.701786 0.696034
-1.06823 3.60125 0.797573 0.389515 0.045765 -0.151764 0.701786 0.696034
-1.04608 3.59613 0.808398 0.5 0 -0.151764 0.701786 0.696034
-1.05022 3.63899 0.757018 0.34375 0.15625 -0.269213 0.761758 0.589279
-1.07499 3.61973 0.771572 0.34375 0.15625 -0.269213 0.761758 0.589279
-1.06823 3.60125 0.797573 0.389515 0.045765 -0.269213 0.761758 0.589279
-0.083147 2.85197 -0.156345 0.389515 0.266735 -0.874731 0.309955 -0.372523
-0.177253 2.56393 -0.176146 0.389515 0.266735 -0.9216 0.059658 -0.38353
-0.250673 2.56393 -0 0.34375 0.15625 -0.921913 0.05409 -0.383602
0.073214 2.84399 -0.221105 0.5 0.3125 -0.362618 0.183686 -0.913656
0 2.56393 -0.249107 0.5 0.3125 -0.380649 0.037618 -0.923954
-0.177253 2.56393 -0.176146 0.389515 0.266735 -0.380916 0.029753 -0.924131
0.229576 2.836 -0.156345 0.610485 0.266735 0.383852 -0.007332 -0.923366
0.177253 2.56393 -0.176146 0.610485 0.266735 0.381626 0.000598 -0.924317
0 2.56393 -0.249107 0.5 0.3125 0.381635 0.00098 -0.924313
0.294343 2.8327 -0 0.65625 0.15625 0.91235 -0.14796 -0.38174
0.250673 2.56393 -0 0.65625 0.15625 0.923091 -0.024183 -0.38382
0.177253 2.56393 -0.176146 0.610485 0.266735 0.923158 -0.021504 -0.383819
0.229576 2.836 0.156345 0.610485 0.045765 0.912377 -0.147967 0.381674
0.177253 2.56393 0.176145 0.610485 0.045765 0.923158 -0.021504 0.383819
0.250673 2.56393 -0 0.65625 0.15625 0.923091 -0.024183 0.38382
-0.176145 2.44996 0.176145 0.389515 0.045765 0.624695 -0.780869 -0
-0.176145 2.44996 0.176145 0.389515 0.045765 0.624695 -0.780869 -0
0 2.56393 0.249107 0.5 0 0 -0 -0
0.073214 2.84399 0.221105 0.5 0 0 0 -0
0.073214 2.84399 0.221105 0.5 0 0 0 -0
-0.082171 2.95268 0.156345 0.389515 0.045765 0 0 -0
0 2.56393 0.249107 0.5 0 0 0 -0
0 2.56393 0.249107 0.5 0 0 0 -0
0.073214 2.84399 0.221105 0.5 0 0 0 -0
-0.250673 2.56393 -0 0.34375 0.15625 -0 0 -0
-0.250673 2.56393 -0 0.34375 0.15625 -0 0 -0
-0.176145 2.44996 0.176145 0.389515 0.045765 -0.773902 0.633305 -0
-0.147914 2.85527 -0 0.34375 0.15625 0 0 -0
-0.147914 2.85527 -0 0.34375 0.15625 0 0 -0
-0.250673 2.56393 -0 0.34375 0.15625 0 0 -0
-0.082171 2.95268 0.156345 0.389515 0.045765 0 0 -0
-0.082171 2.95268 0.156345 0.389515 0.045765 0 0 -0
-0.147914 2.85527 -0 0.34375 0.15625 0 0 -0
-0.176145 2.44996 0.176145 0.389515 0.045765 0 0 -0
-0.176145 2.44996 0.176145 0.389515 0.045765 0 0 -0
0 2.56393 0.249107 0.5 0 0 0 -0
0.073214 2.84399 0.221105 0.5 0 0 0 -0
0.073214 2.84399 0.221105 0.5 0 0 0 -0
-0.082171 2.95268 0.156345 0.389515 0.045765 0 0 -0
0 2.56393 0.249107 0.5 0 0 0 -0
0 2.56393 0.249107 0.5 0 0 0 -0
0.073214 2.84399 0.221105 0.5 0 0 0 -0
-0.250673 2.56393 -0 0.34375 0.15625 0 0 -0
-0.250673 2.56393 -0 0.34375 0.15625 0 0 -0
-0.176145 2.44996 0.176145 0.389515 0.045765 0 0 -0
-0.147914 2.85527 -0 0.34375 0.15625 0 0 -0
-0.147914 2.85527 -0 0.34375 0.15625 0 0 -0
-0.250673 2.56393 -0 0.34375 0.15625 0 0 -0
-0.082171 2.95268 0.156345 0.389515 0.045765 0 0 -0
-0.082171 2.95268 0.156345 0.389515 0.045765 0 0 -0
-0.147914 2.85527 -0 0.34375 0.15625 0 0 -0
-0.176145 2.44996 0.176145 0.389515 0.045765 0 0 -0
-0.176145 2.44996 0.176145 0.389515 0.045765 0 0 -0
0 2.56393 0.249107 0.5 0 0 0 -0
0.073214 2.84399 0.221105 0.5 0 0 0 -0
0.073214 2.84399 0.221105 0.5 0 0 0 -0
-0.082171 2.95268 0.156345 0.389515 0.045765 0 0 -0
0 2.56393 0.249107 0.5 0 0 0 -0
0 2.56393 0.249107 0.5 0 0 0 -0
0.073214 2.84399 0.221105 0.5 0 0 0 -0
-0.250673 2.56393 -0 0.34375 0.15625 0 0 -0
-0.250673 2.56393 -0 0.34375 0.15625 0 0 -0
-0.176145 2.44996 0.176145 0.389515 0.045765 0 0 -0
-0.147914 2.85527 -0 0.34375 0.15625 0 0 -0
-0.147914 2.85527 -0 0.34375 0.15625 0 0 -0
-0.250673 2.56393 -0 0.34375 0.15625 0 0 -0
-0.082171 2.95268 0.156345 0.389515 0.045765 0 0 -0
-0.082171 2.95268 0.156345 0.389515 0.045765 0 0 -0
-0.147914 2.85527 -0 0.34375 0.15625 0 0 -0
-0.811846 2.91369 0.567075 0.389515 0.045765 0.007422 -0.663172 0.74843
-0.176145 2.44996 0.176145 0.389515 0.045765 0.007422 -0.663172 0.74843
0 2.56393 0.249107 0.5 0 0.007422 -0.663172 0.74843
-0.601525 3.12551 0.585421 0.5 0 0.553495 0.746521 0.369254
0.073214 2.84399 0.221105 0.5 0 0.553495 0.746521 0.369254
-0.082171 2.95268 0.156345 0.389515 0.045765 0.553495 0.746521 0.369254
-0.708053 2.95449 0.628478 0.5 0 0.457231 -0.04225 0.888344
0 2.56393 0.249107 0.5 0 0.457231 -0.04225 0.888344
0.073214 2.84399 0.221105 0.5 0 0.457231 -0.04225 0.888344
-0.817765 3.00117 0.4404 0.34375 0.15625 -0.688851 -0.674457 -0.265692
-0.250673 2.56393 -0 0.34375 0.15625 -0.688851 -0.674457 -0.265692
-0.176145 2.44996 0.176145 0.389515 0.045765 -0.688851 -0.674457 -0.265692
-0.69973 3.17785 0.40746 0.34375 0.15625 -0.512074 0.182506 -0.839328
-0.147914 2.85527 -0 0.34375 0.15625 -0.512074 0.182506 -0.839328
-0.250673 2.56393 -0 0.34375 0.15625 -0.512074 0.182506 -0.839328
-0.630645 3.22752 0.500775 0.389515 0.045765 0.085876 0.837452 -0.539722
-0.082171 2.95268 0.156345 0.389515 0.045765 0.085876 0.837452 -0.539722
-0.147914 2.85527 -0 0.34375 0.15625 0.085876 0.837452 -0.539722
-0.812096 2.91407 0.56776 0.389515 0.045765 0.242875 -0.946642 0.211852
-0.811846 2.91369 0.567075 0.389515 0.045765 0.242875 -0.946642 0.211852
-0.708053 2.95449 0.628478 0.5 0 0.242875 -0.946642 0.211852
-0.600641 3.12489 0.584492 0.5 0 -0.742156 -0.540416 -0.396428
-0.601525 3.12551 0.585421 0.5 0 -0.742156 -0.540416 -0.396428
-0.630645 3.22752 0.500775 0.389515 0.045765 -0.742156 -0.540416 -0.396428
-0.70754 2.95428 0.62825 0.5 0 -0.574357 0.154495 -0.803894
-0.708053 2.95449 0.628478 0.5 0 -0.574357 0.154495 -0.803894
-0.601525 3.12551 0.585421 0.5 0 -0.574357 0.154495 -0.803894
-0.818811 3.00181 0.441303 0.34375 0.15625 -0.94041 -0.312304 -0.134521
-0.817765 3.00117 0.4404 0.34375 0.15625 -0.794879 -0.51674 -0.318034
-0.811846 2.91369 0.567075 0.389515 0.045765 -0.79488 -0.51674 -0.318034
-0.700284 3.178 0.407563 0.34375 0.15625 -0.548992 0.202166 -0.811009
-0.69973 3.17785 0.40746 0.34375 0.15625 -0.471132 0.151649 -0.868929
-0.817765 3.00117 0.4404 0.34375 0.15625 -0.471132 0.151649 -0.868929
-0.630092 3.22719 0.500308 0.389515 0.045765 0.058503 -0.898823 0.43439
-0.630645 3.22752 0.500775 0.389515 0.045765 0.058503 -0.898823 0.43439
-0.69973 3.17785 0.40746 0.34375 0.15625 0.058503 -0.898823 0.43439
-1.06823 3.60125 0.797573 0.389515 0.045765 -0.355357 -0.417046 0.836537
-0.812096 2.91407 0.56776 0.389515 0.045765 -0.355357 -0.417047 0.836537
-0.70754 2.95428 0.62825 0.5 0 -0.355357 -0.417046 0.836537
-1.02334 3.61521 0.793294 0.5 0 0.777383 0.513143 0.363813
-0.600641 3.12489 0.584492 0.5 0 0.777383 0.513143 0.363813
-0.630092 3.22719 0.500308 0.389515 0.045765 0.777383 0.513143 0.363813
-1.04608 3.59613 0.808398 0.5 0 0.43432 -0.017369 0.900591
-0.70754 2.95428 0.62825 0.5 0 0.43432 -0.017369 0.900591
-0.600641 3.12489 0.584492 0.5 0 0.43432 -0.017369 0.900591
-1.07499 3.61973 0.771572 0.34375 0.15625 -0.940669 -0.311735 -0.134029
-0.818811 3.00181 0.441303 0.34375 0.15625 -0.94041 -0.312304 -0.134521
-0.812096 2.91407 0.56776 0.389515 0.045765 -0.94045 -0.312216 -0.134445
-1.05022 3.63899 0.757018 0.34375 0.15625 -0.5492 0.202303 -0.810835
-0.700284 3.178 0.407563 0.34375 0.15625 -0.548992 0.202166 -0.811009
-0.818811 3.00181 0.441303 0.34375 0.15625 -0.548957 0.202143 -0.811039
-1.02621 3.63703 0.771494 0.389515 0.045765 0.332951 0.719563 -0.609403
-0.630092 3.22719 0.500308 0.389515 0.045765 0.332951 0.719563 -0.609403
-0.700284 3.178 0.407563 0.34375 0.15625 0.332951 0.719563 -0.609403
