Vertex Count: 708

Data:

0.010359 0.985375 0.939938 0.937305 1 0.3535 0.8973 -0.2645
0.037371 0.971436 0.92875 0.931107 0.996798 0.3535 0.8973 -0.2645
0.008767 0.86685 0.535714 0.942187 0.892001 0.3535 0.8973 -0.2645
0.15859 0.547424 0.159861 0.496759 0.810501 0.9239 0 0.3827
0.221308 0.547424 0.008446 0.526859 0.821584 0.9239 0 0.3827
0.15859 0.844909 0.159861 0.473621 0.884774 0.9239 0 0.3827
0.455204 0.84818 -0.3084 0.351562 0.167033 -0.1894 0.9024 0.3871
0.686358 1.02631 -0.610527 0.345974 0.269613 -0.1894 0.9024 0.3871
0.419324 0.877813 -0.395022 0.330835 0.177088 -0.1894 0.9024 0.3871
0.332702 0.677995 -0.430902 0.425942 0.151171 0.0751 -0.6185 -0.7822
0.655487 0.983424 -0.641397 0.437603 0.072349 0.0751 -0.6185 -0.7822
0.419324 0.643132 -0.395022 0.448879 0.158614 0.0751 -0.6185 -0.7822
0.007175 0.547424 -0.205687 0.22805 0.664558 -0.3827 0 -0.9239
-0.14424 0.547424 -0.142969 0.268647 0.67548 -0.3827 0 -0.9239
0.007175 0.844909 -0.205687 0.207111 0.739131 -0.3827 0 -0.9239
-0.206958 0.501137 0.008446 0.304116 0.675957 -0.9239 0 -0.3827
-0.206958 0.786888 0.008446 0.284004 0.747588 -0.9239 0 -0.3827
-0.14424 0.547424 -0.142969 0.268647 0.67548 -0.9239 0 -0.3827
0.321602 1.88354 0.008446 0.77 0.197263 0.905 -0.1872 0.382
0.314268 1.88457 0.026324 0.766271 0.196747 0.905 -0.1872 0.382
0.232119 1.45089 0.008446 0.767484 0.082629 0.905 -0.1872 0.382
-0.206958 0.501137 0.008446 0.902019 0.606806 -0.9239 0 0.3827
-0.14424 0.547424 0.159861 0.859889 0.594013 -0.9239 0 0.3827
-0.206958 0.786888 0.008446 0.903763 0.532373 -0.9239 0 0.3827
0.037371 0.971436 0.92875 0.791912 0.085134 0.9902 0 0.1396
0.037371 0.918367 0.92875 0.801428 0.095175 0.9902 0 0.1396
0.09798 0.820814 0.498761 0.77 0.164099 0.9902 0 0.1396
-0.202329 -1 0.202329 0.095528 0.272147 0 -1 -0
-0.202329 -1 -0.202329 0 0.231306 0 -1 -0
-0 -1 -0.286136 0 0.173915 0 -1 -0
0.321602 1.88354 0.008446 0.818978 0.197263 0.1389 0.9903 0
0.296564 1.88705 -0.016837 0.813414 0.190266 0.1389 0.9903 0
0.278859 1.88953 -0.009431 0.815967 0.186133 0.1389 0.9903 0
0.025644 1.53034 -0.08332 0.169873 0.917452 -0.2571 0.3653 -0.8947
0.278859 1.88953 -0.009431 0.09864 1 -0.2571 0.3653 -0.8947
0.111169 1.49743 -0.121331 0.148941 0.902879 -0.2571 0.3653 -0.8947
0.296564 1.88705 0.03373 0.761264 0.196595 -0.3107 0.3813 0.8707
0.278859 1.88953 0.026324 0.757912 0.196895 -0.3107 0.3813 0.8707
0.111169 1.49743 0.138223 0.723195 0.086807 -0.3107 0.3813 0.8707
0.314268 1.88457 0.026324 0.766271 0.196747 0.3916 0.052 0.9187
0.296564 1.88705 0.03373 0.761264 0.196595 0.3916 0.052 0.9187
0.196694 1.46452 0.100213 0.748507 0.082211 0.3916 0.052 0.9187
0.196694 1.46452 -0.08332 0.490116 0.259763 0.9067 -0.1873 -0.3779
0.314268 1.88457 -0.009432 0.429405 0.162082 0.9067 -0.1873 -0.3779
0.232119 1.45089 0.008446 0.507794 0.243672 0.9067 -0.1873 -0.3779
-0.009782 1.54397 0.008446 0.826389 0.094647 -0.7226 0.5864 -0.366
0.271526 1.89056 0.008446 0.820825 0.184898 -0.7226 0.5864 -0.366
0.025644 1.53034 -0.08332 0.801428 0.09997 -0.7226 0.5864 -0.366
0.111169 1.49743 -0.121331 0.468973 0.271422 0.4197 0.0435 -0.9066
0.296564 1.88705 -0.016837 0.425942 0.165156 0.4197 0.0435 -0.9066
0.196694 1.46452 -0.08332 0.490116 0.259763 0.4197 0.0435 -0.9066
0.278859 1.88953 0.026324 0.826141 0.404472 -0.736 0.5879 0.3357
0.271526 1.89056 0.008446 0.82256 0.408013 -0.736 0.5879 0.3357
0.025644 1.53034 0.100213 0.752008 0.33581 -0.736 0.5879 0.3357
-0.044378 1.28366 0.115125 0.705695 0.288725 -0.8563 0.2697 0.4405
0.025644 1.53034 0.100213 0.752008 0.33581 -0.8563 0.2697 0.4405
-0.086626 1.32378 0.008446 0.69022 0.316455 -0.8563 0.2697 0.4405
0.111169 1.49743 -0.121331 0.468973 0.271422 0.403 -0.0096 -0.9151
0.196694 1.46452 -0.08332 0.490116 0.259763 0.403 -0.0096 -0.9151
0.05762 1.25898 -0.14242 0.507451 0.321998 0.403 -0.0096 -0.9151
-0.009782 1.54397 0.008446 0.187874 0.928069 -0.8725 0.3045 -0.3821
0.025644 1.53034 -0.08332 0.169873 0.917452 -0.8725 0.3045 -0.3821
-0.086626 1.32378 0.008446 0.220068 0.876497 -0.8725 0.3045 -0.3821
0.196694 1.46452 -0.08332 0.490116 0.259763 0.9194 -0.1239 -0.3733
0.232119 1.45089 0.008446 0.507794 0.243672 0.9194 -0.1239 -0.3733
0.159617 1.2343 -0.098232 0.529642 0.305807 0.9194 -0.1239 -0.3733
0.196694 1.46452 0.100213 0.748507 0.082211 0.4038 -0.0072 0.9148
0.111169 1.49743 0.138223 0.723195 0.086807 0.4038 -0.0072 0.9148
0.159617 1.27898 0.115125 0.746061 0.032635 0.4038 -0.0072 0.9148
0.05762 1.25898 0.159312 0.719382 0.270932 -0.359 0.1619 0.9192
0.111169 1.49743 0.138223 0.761583 0.31833 -0.359 0.1619 0.9192
-0.044378 1.28366 0.115125 0.705695 0.288725 -0.359 0.1619 0.9192
0.025644 1.53034 -0.08332 0.169873 0.917452 -0.3507 0.1554 -0.9235
0.111169 1.49743 -0.121331 0.148941 0.902879 -0.3507 0.1554 -0.9235
-0.044378 1.28366 -0.098232 0.200619 0.858021 -0.3507 0.1554 -0.9235
0.201866 1.22408 0.008446 0.77 0.023066 0.9003 -0.1201 0.4184
0.232119 1.45089 0.008446 0.767484 0.082629 0.9003 -0.1201 0.4184
0.159617 1.27898 0.115125 0.746061 0.032635 0.9003 -0.1201 0.4184
-0.202329 -1 0.202329 0.847089 0.999017 -0.3799 0.1197 0.9172
-0 -1 0.286136 0.804706 0.993879 -0.3799 0.1197 0.9172
-0.171727 -0.668421 0.171727 0.852802 0.911574 -0.3799 0.1197 0.9172
-0.286136 -1 0 0.903763 1 -0.9172 0.1197 0.3799
-0.202329 -1 0.202329 0.847089 0.999017 -0.9172 0.1197 0.3799
-0.242859 -0.668421 0 0.900904 0.912409 -0.9172 0.1197 0.3799
-0.202329 -1 -0.202329 0.382899 0.28674 -0.9172 0.1197 -0.3799
-0.286136 -1 0 0.425942 0.302882 -0.9172 0.1197 -0.3799
-0.171727 -0.668421 -0.171727 0.356668 0.370259 -0.9172 0.1197 -0.3799
-0 -1 -0.286136 0.328651 0.272147 -0.3799 0.1197 -0.9172
-0.202329 -1 -0.202329 0.382899 0.28674 -0.3799 0.1197 -0.9172
-0 -0.668421 -0.242859 0.310624 0.357873 -0.3799 0.1197 -0.9172
0.202329 -1 -0.202329 0.884155 0.408013 0.3799 0.1197 -0.9172
-0 -1 -0.286136 0.83223 0.407462 0.3799 0.1197 -0.9172
0.171727 -0.668421 -0.171727 0.884372 0.320851 0.3799 0.1197 -0.9172
0.286136 -1 -0 0.937122 0.407462 0.9172 0.1197 -0.3799
0.202329 -1 -0.202329 0.884155 0.408013 0.9172 0.1197 -0.3799
0.242859 -0.668421 -0 0.929328 0.320383 0.9172 0.1197 -0.3799
0.202329 -1 0.202329 0.622375 0.425027 0.9172 0.1197 0.3799
0.286136 -1 -0 0.662596 0.439838 0.9172 0.1197 0.3799
0.171727 -0.668421 0.171727 0.593002 0.507244 0.9172 0.1197 0.3799
-0 -1 0.286136 0.568279 0.408013 0.3799 0.1197 0.9172
0.202329 -1 0.202329 0.622375 0.425027 0.3799 0.1197 0.9172
-0 -0.668421 0.242859 0.547087 0.492802 0.3799 0.1197 0.9172
0.208347 1.06629 0.008446 0.483606 0.950288 0.9212 0.0539 0.3853
0.159275 1.03589 0.130037 0.462089 0.933881 0.9212 0.0539 0.3853
0.221308 0.844909 0.008446 0.50372 0.895857 0.9212 0.0539 0.3853
-0.14424 0.844909 -0.142969 0.247709 0.750052 -0.375 0.199 -0.9054
-0.077665 1.10601 -0.113144 0.218526 0.81416 -0.375 0.199 -0.9054
0.007175 0.844909 -0.205687 0.207111 0.739131 -0.375 0.199 -0.9054
0.040805 1.08956 0.180402 0.692593 0.235069 -0.3389 0.2948 0.8935
-0.077665 1.10601 0.130037 0.674795 0.253174 -0.3389 0.2948 0.8935
0.007175 0.923043 0.22258 0.668122 0.197263 -0.3389 0.2948 0.8935
0.15859 0.844909 0.159861 0.473621 0.884774 0.4386 0.1371 0.8881
0.159275 1.03589 0.130037 0.462089 0.933881 0.4386 0.1371 0.8881
0.007175 0.923043 0.22258 0.42706 0.891549 0.4386 0.1371 0.8881
0.159275 1.0731 -0.113144 0.559834 0.335241 0.9269 0.0591 -0.3707
0.208347 1.06629 0.008446 0.58128 0.311736 0.9269 0.0591 -0.3707
0.15859 0.896706 -0.142969 0.591251 0.369494 0.9269 0.0591 -0.3707
-0.513943 1.09826 -0.082786 0.990628 0.286121 0.4018 0.8617 -0.3099
-1.03513 1.35217 -0.052428 0.975978 0.406839 0.4018 0.8617 -0.3099
-0.541627 1.13584 -0.014192 0.972075 0.291283 0.4018 0.8617 -0.3099
0.007175 0.844909 -0.205687 0.576193 0.408013 0.3471 0.1128 -0.931
0.040805 1.08956 -0.163509 0.536595 0.355963 0.3471 0.1128 -0.931
0.15859 0.896706 -0.142969 0.591251 0.369494 0.3471 0.1128 -0.931
-1.04142 1.36072 -0.03683 0.971759 0.408013 0.376 0.8682 0.3238
-1.03513 1.35217 -0.021232 0.967911 0.406839 0.376 0.8682 0.3238
-0.541627 1.13584 -0.014192 0.972075 0.291283 0.376 0.8682 0.3238
-1.04142 1.36072 -0.03683 0.419372 0.928072 -0.8863 0.1481 -0.4388
-1.03513 1.35217 -0.052428 0.416691 0.924694 -0.8863 0.1481 -0.4388
-1.05172 1.29915 -0.03683 0.425942 0.913124 -0.8863 0.1481 -0.4388
-1.04367 1.30659 -0.017405 0.662596 0.444232 -0.9299 0.2001 0.3085
-1.03513 1.35217 -0.021232 0.663386 0.432116 -0.9299 0.2001 0.3085
-1.05172 1.29915 -0.03683 0.667887 0.446527 -0.9299 0.2001 0.3085
-1.05172 1.29915 -0.03683 0.182863 0.272147 -0.5014 -0.718 -0.4828
-1.04367 1.30659 -0.056254 0.17815 0.269888 -0.5014 -0.718 -0.4828
-0.586883 0.959288 -0.014192 0.173955 0.157858 -0.5014 -0.718 -0.4828
-0.551501 0.992019 -0.099611 0.331166 0.808754 0.0106 0.1528 -0.9882
-1.04367 1.30659 -0.056254 0.421286 0.91344 0.0106 0.1528 -0.9882
-0.513943 1.09826 -0.082786 0.317593 0.834628 0.0106 0.1528 -0.9882
-1.03513 1.35217 -0.021232 0.973801 0.79334 -0.0946 0.1009 0.9904
-1.04367 1.30659 -0.017405 0.96186 0.791747 -0.0946 0.1009 0.9904
-0.513943 1.09826 0.054403 0.944791 0.662935 -0.0946 0.1009 0.9904
-0.551501 0.992019 0.071228 0.197015 0.147927 -0.5311 -0.6941 0.486
-1.04367 1.30659 -0.017405 0.188107 0.269888 -0.5311 -0.6941 0.486
-0.586883 0.959288 -0.014192 0.173955 0.157858 -0.5311 -0.6941 0.486
-0.14424 0.844909 0.159861 0.212718 0.044624 -0.3885 -0.7951 0.4656
-0.551501 0.992019 0.071228 0.197015 0.147927 -0.3885 -0.7951 0.4656
-0.206958 0.786888 0.008446 0.171842 0.06223 -0.3885 -0.7951 0.4656
-0.077665 1.10601 0.130037 0.973801 0.573979 -0.1714 0.1548 0.973
-0.513943 1.09826 0.054403 0.944791 0.662935 -0.1714 0.1548 0.973
-0.14424 0.844909 0.159861 0.903763 0.569645 -0.1714 0.1548 0.973
-0.551501 0.992019 -0.099611 0.331166 0.808754 -0.043 0.1711 -0.9843
-0.513943 1.09826 -0.082786 0.317593 0.834628 -0.043 0.1711 -0.9843
-0.14424 0.844909 -0.142969 0.247709 0.750052 -0.043 0.1711 -0.9843
-0.586883 0.959288 -0.014192 0.173955 0.157858 -0.3448 -0.8199 -0.457
-0.551501 0.992019 -0.099611 0.153225 0.147927 -0.3448 -0.8199 -0.457
-0.206958 0.786888 0.008446 0.171842 0.06223 -0.3448 -0.8199 -0.457
-0.541627 1.13584 -0.014192 0.972075 0.291283 -0.1035 0.8541 0.5097
-0.513943 1.09826 0.054403 0.955156 0.286121 -0.1035 0.8541 0.5097
-0.126737 1.17262 0.008446 0.967112 0.182787 -0.1035 0.8541 0.5097
-0.077665 1.10601 -0.113144 1 0.173637 -0.0499 0.8673 -0.4952
-0.513943 1.09826 -0.082786 0.990628 0.286121 -0.0499 0.8673 -0.4952
-0.126737 1.17262 0.008446 0.967112 0.182787 -0.0499 0.8673 -0.4952
0.007175 -0.067901 0.22258 0.824417 0.750448 -0.3827 0 0.9239
0.007175 0.490365 0.22258 0.827823 0.605031 -0.3827 0 0.9239
-0.14424 -0.039371 0.159861 0.856309 0.746862 -0.3827 0 0.9239
-0.206958 -0.062514 0.008446 0.89858 0.753626 -0.9239 0 0.3827
-0.14424 -0.039371 0.159861 0.856309 0.746862 -0.9239 0 0.3827
-0.206958 0.501137 0.008446 0.902019 0.606806 -0.9239 0 0.3827
-0.206958 -0.062514 0.008446 0.343789 0.534662 -0.9239 0 -0.3827
-0.206958 0.501137 0.008446 0.304116 0.675957 -0.9239 0 -0.3827
-0.14424 -0.039371 -0.142969 0.309949 0.528383 -0.9239 0 -0.3827
0.007175 -0.039371 -0.205687 0.269351 0.517462 -0.3827 0 -0.9239
-0.14424 -0.039371 -0.142969 0.309949 0.528383 -0.3827 0 -0.9239
0.007175 0.547424 -0.205687 0.22805 0.664558 -0.3827 0 -0.9239
0.15859 -0.069841 -0.142969 0.887326 0.163821 0.3827 0 -0.9239
0.007175 -0.039371 -0.205687 0.848463 0.155426 0.3827 0 -0.9239
0.15859 0.486485 -0.142969 0.88724 0.018057 0.3827 0 -0.9239
0.15859 -0.069841 -0.142969 0.887326 0.163821 0.9239 0 -0.3827
0.15859 0.486485 -0.142969 0.88724 0.018057 0.9239 0 -0.3827
0.221308 -0.039371 0.008446 0.92696 0.155426 0.9239 0 -0.3827
0.15859 -0.039371 0.159861 0.542401 0.663996 0.9239 0 0.3827
0.221308 -0.039371 0.008446 0.5725 0.675079 0.9239 0 0.3827
0.15859 0.547424 0.159861 0.496759 0.810501 0.9239 0 0.3827
0.007175 -0.067901 0.22258 0.504136 0.644139 0.3827 0 0.9239
0.15859 -0.039371 0.159861 0.542401 0.663996 0.3827 0 0.9239
0.007175 0.490365 0.22258 0.460714 0.783522 0.3827 0 0.9239
0.677316 0.974638 -0.632355 0.443383 0.074225 0.9239 0 -0.3827
0.677316 1.03378 -0.632355 0.442083 0.058785 0.9239 0 -0.3827
0.686358 0.983424 -0.610527 0.448879 0.071385 0.9239 0 -0.3827
0.677316 0.974638 -0.632355 0.443383 0.074225 0.3827 0 -0.9239
0.655487 0.983424 -0.641397 0.437603 0.072349 0.3827 0 -0.9239
0.677316 1.03378 -0.632355 0.442083 0.058785 0.3827 0 -0.9239
0.655487 1.02631 -0.641397 0 0.727772 -0.5462 0 -0.8376
0.655487 0.983424 -0.641397 0.003019 0.717021 -0.5462 0 -0.8376
0.332702 0.84818 -0.430902 0.108508 0.711027 -0.5462 0 -0.8376
0.677316 0.974638 -0.632355 0.642647 0.197263 0.7664 -0.6395 -0.0601
0.686358 0.983424 -0.610527 0.636712 0.194778 0.7664 -0.6395 -0.0601
0.419324 0.643132 -0.395022 0.661115 0.11004 0.7664 -0.6395 -0.0601
0.455204 0.677995 -0.3084 0.602616 0.88404 0.7942 0 0.6076
0.686358 0.983424 -0.610527 0.662596 0.989292 0.7942 0 0.6076
0.455204 0.84818 -0.3084 0.589379 0.92653 0.7942 0 0.6076
0.677316 1.03378 -0.632355 0.34075 0.272147 -0.3838 0.9061 0.1782
0.655487 1.02631 -0.641397 0.334865 0.269613 -0.3838 0.9061 0.1782
0.419324 0.877813 -0.395022 0.330835 0.177088 -0.3838 0.9061 0.1782
0.419324 0.877813 -0.395022 0.330835 0.177088 -0.2042 0.9376 -0.2815
0.332702 0.84818 -0.430902 0.307481 0.167033 -0.2042 0.9376 -0.2815
0.15859 0.896706 -0.142969 0.331813 0.082866 -0.2042 0.9376 -0.2815
0.221308 0.547424 0.008446 0.526859 0.821584 0.8045 0 0.5939
0.455204 0.677995 -0.3084 0.602616 0.88404 0.8045 0 0.5939
0.221308 0.844909 0.008446 0.50372 0.895857 0.8045 0 0.5939
0.419324 0.643132 -0.395022 0.661115 0.11004 0.5749 -0.8133 0.0892
0.455204 0.677995 -0.3084 0.637563 0.10018 0.5749 -0.8133 0.0892
0.15859 0.486485 -0.142969 0.670073 0.017235 0.5749 -0.8133 0.0892
0.332702 0.84818 -0.430902 0.108508 0.711027 -0.569 0 -0.8224
0.332702 0.677995 -0.430902 0.120487 0.668365 -0.569 0 -0.8224
0.007175 0.844909 -0.205687 0.207111 0.739131 -0.569 0 -0.8224
0.007175 0.547424 -0.205687 0.706376 0 -0.0819 -0.8063 -0.5858
0.332702 0.677995 -0.430902 0.681884 0.10018 -0.0819 -0.8063 -0.5858
0.15859 0.486485 -0.142969 0.670073 0.017235 -0.0819 -0.8063 -0.5858
0.221308 0.844909 0.008446 0.368044 0.06529 0.2705 0.9397 0.2094
0.455204 0.84818 -0.3084 0.351562 0.167033 0.2705 0.9397 0.2094
0.15859 0.896706 -0.142969 0.331813 0.082866 0.2705 0.9397 0.2094
0.266056 1.13423 0.339924 0.74998 0.20515 -0.6412 0.1571 0.7511
0.491307 1.29082 0.499446 0.82627 0.197263 -0.6412 0.1571 0.7511
0.276334 1.23779 0.327033 0.766355 0.227072 -0.6412 0.1571 0.7511
-0.044378 1.28366 -0.098232 0.200619 0.858021 -0.3635 0.1453 -0.9202
0.05762 1.25898 -0.14242 0.174771 0.844361 -0.3635 0.1453 -0.9202
-0.077665 1.10601 -0.113144 0.218526 0.81416 -0.3635 0.1453 -0.9202
0.040805 1.08956 0.180402 0.692593 0.235069 -0.369 0.1508 0.9171
0.05762 1.25898 0.159312 0.719382 0.270932 -0.369 0.1508 0.9171
-0.077665 1.10601 0.130037 0.674795 0.253174 -0.369 0.1508 0.9171
0.368465 1.12001 0.234817 0.951952 0.489862 0.6601 -0.7469 0.0796
0.528583 1.28565 0.461188 0.936074 0.567181 0.6601 -0.7469 0.0796
0.33847 1.10142 0.309139 0.93296 0.496629 0.6601 -0.7469 0.0796
0.159617 1.2343 -0.098232 0.529642 0.305807 0.9303 0.0318 -0.3654
0.201866 1.22408 0.008446 0.549204 0.286009 0.9303 0.0318 -0.3654
0.159275 1.0731 -0.113144 0.559834 0.335241 0.9303 0.0318 -0.3654
-0.086626 1.32378 0.008446 0.220068 0.876497 -0.8716 0.2313 -0.4322
-0.044378 1.28366 -0.098232 0.200619 0.858021 -0.8716 0.2313 -0.4322
-0.126737 1.17262 0.008446 0.239424 0.840496 -0.8716 0.2313 -0.4322
0.05762 1.25898 -0.14242 0.507451 0.321998 0.4112 0.0723 -0.9087
0.159617 1.2343 -0.098232 0.529642 0.305807 0.4112 0.0723 -0.9087
0.040805 1.08956 -0.163509 0.536595 0.355963 0.4112 0.0723 -0.9087
-0.077665 1.10601 0.130037 0.674795 0.253174 -0.8654 0.2007 0.4592
-0.044378 1.28366 0.115125 0.705695 0.288725 -0.8654 0.2007 0.4592
-0.126737 1.17262 0.008446 0.660589 0.288941 -0.8654 0.2007 0.4592
0.037371 0.918367 0.92875 0.662596 0.464093 0.3827 0 0.9239
0.037371 0.971436 0.92875 0.662596 0.450202 0.3827 0 0.9239
0.010359 0.908188 0.939938 0.670159 0.466731 0.3827 0 0.9239
-0.016652 0.918367 0.92875 0.668316 0.499043 -0.3827 0 0.9239
0.010359 0.908188 0.939938 0.662596 0.501008 -0.3827 0 0.9239
-0.016652 0.971436 0.92875 0.66864 0.48522 -0.3827 0 0.9239
-0.080446 0.820814 0.49876 0.96707 0.881426 -0.3547 0.8976 -0.2618
-0.016652 0.971436 0.92875 0.944839 0.996798 -0.3547 0.8976 -0.2618
0.008767 0.86685 0.535714 0.942187 0.892001 -0.3547 0.8976 -0.2618
0.010359 0.908188 0.939938 0.257584 0.272147 -0.4812 -0.7061 0.5194
-0.016652 0.918367 0.92875 0.250844 0.269652 -0.4812 -0.7061 0.5194
0.008767 0.611918 0.535714 0.252407 0.15567 -0.4812 -0.7061 0.5194
0.09798 0.645537 0.498761 0.276264 0.14743 0.481 -0.708 0.517
0.037371 0.918367 0.92875 0.264808 0.269652 0.481 -0.708 0.517
0.008767 0.611918 0.535714 0.252407 0.15567 0.481 -0.708 0.517
-0.080446 0.645537 0.49876 0.774199 0.568972 -0.9892 0 0.1468
-0.016652 0.918367 0.92875 0.668316 0.499043 -0.9892 0 0.1468
-0.080446 0.820814 0.49876 0.775269 0.523316 -0.9892 0 0.1468
-0.14424 0.547424 0.159861 0.859889 0.594013 -0.9827 0 0.185
-0.080446 0.645537 0.49876 0.774199 0.568972 -0.9827 0 0.185
-0.14424 0.844909 0.159861 0.861705 0.516525 -0.9827 0 0.185
0.15859 0.547424 0.159861 0.29099 0.055738 0.4476 -0.8344 0.3216
0.09798 0.645537 0.498761 0.276264 0.14743 0.4476 -0.8344 0.3216
0.007175 0.490365 0.22258 0.250499 0.069723 0.4476 -0.8344 0.3216
0.008767 0.611918 0.535714 0.252407 0.15567 -0.4485 -0.8324 0.3254
-0.080446 0.645537 0.49876 0.230147 0.14743 -0.4485 -0.8324 0.3254
0.007175 0.490365 0.22258 0.250499 0.069723 -0.4485 -0.8324 0.3254
-0.14424 0.844909 0.159861 0.980737 0.79334 -0.503 0.8502 0.1551
-0.080446 0.820814 0.49876 0.96707 0.881426 -0.503 0.8502 0.1551
0.007175 0.923043 0.22258 0.938505 0.811287 -0.503 0.8502 0.1551
0.09798 0.820814 0.498761 0.425942 0.859129 0.9844 0 0.176
0.09798 0.645537 0.498761 0.439575 0.815368 0.9844 0 0.176
0.15859 0.844909 0.159861 0.473621 0.884774 0.9844 0 0.176
0.008767 0.86685 0.535714 0.942187 0.892001 0.5018 0.8518 0.1503
0.09798 0.820814 0.498761 0.921718 0.881426 0.5018 0.8518 0.1503
0.007175 0.923043 0.22258 0.938505 0.811287 0.5018 0.8518 0.1503
0.528583 1.28565 0.461188 0.675611 0.468548 0.9233 0.0379 0.3821
0.527141 1.32075 0.461188 0.675611 0.477752 0.9233 0.0379 0.3821
0.517665 1.27888 0.48824 0.66989 0.466731 0.9233 0.0379 0.3821
0.517665 1.27888 0.48824 0.66989 0.466731 0.4117 0.0552 0.9096
0.517741 1.33297 0.484922 0.670806 0.480903 0.4117 0.0552 0.9096
0.491307 1.29082 0.499446 0.662596 0.470153 0.4117 0.0552 0.9096
0.517741 1.33297 0.484922 0.40553 0.272147 0.0433 0.8952 -0.4435
0.527141 1.32075 0.461188 0.399537 0.269252 0.0433 0.8952 -0.4435
0.338679 1.25001 0.300024 0.401337 0.201893 0.0433 0.8952 -0.4435
0.527141 1.32075 0.461188 0.621767 0.158614 0.8044 0.033 -0.5932
0.528583 1.28565 0.461188 0.628904 0.164338 0.8044 0.033 -0.5932
0.364504 1.21645 0.234817 0.596589 0.231747 0.8044 0.033 -0.5932
0.517665 1.27888 0.48824 0.929161 0.569645 -0.0157 -0.7024 0.7116
0.491307 1.29082 0.499446 0.922172 0.567181 -0.0157 -0.7024 0.7116
0.33847 1.10142 0.309139 0.93296 0.496629 -0.0157 -0.7024 0.7116
0.276334 1.23779 0.327033 0.41741 0.19394 -0.2612 0.9496 -0.1732
0.495048 1.32852 0.494754 0.411381 0.269252 -0.2612 0.9496 -0.1732
0.338679 1.25001 0.300024 0.401337 0.201893 -0.2612 0.9496 -0.1732
0.05762 1.25898 0.159312 0.421276 0.12442 -0.0874 0.9678 0.2362
0.276334 1.23779 0.327033 0.41741 0.19394 -0.0874 0.9678 0.2362
0.159617 1.27898 0.115125 0.394981 0.137431 -0.0874 0.9678 0.2362
0.33847 1.10142 0.309139 0.93296 0.496629 -0.1781 -0.8532 0.4903
0.266056 1.13423 0.339924 0.913759 0.489862 -0.1781 -0.8532 0.4903
0.159275 1.03589 0.130037 0.935176 0.428351 -0.1781 -0.8532 0.4903
0.364504 1.21645 0.234817 0.596589 0.231747 0.8122 0.0334 -0.5824
0.368465 1.12001 0.234817 0.616195 0.247473 0.8122 0.0334 -0.5824
0.201866 1.22408 0.008446 0.549204 0.286009 0.8122 0.0334 -0.5824
0.338679 1.25001 0.300024 0.401337 0.201893 0.4243 0.8625 -0.2758
0.364504 1.21645 0.234817 0.384872 0.19394 0.4243 0.8625 -0.2758
0.159617 1.27898 0.115125 0.394981 0.137431 0.4243 0.8625 -0.2758
0.208347 1.06629 0.008446 0.966248 0.41728 0.4008 -0.9137 -0.0667
0.368465 1.12001 0.234817 0.951952 0.489862 0.4008 -0.9137 -0.0667
0.159275 1.03589 0.130037 0.935176 0.428351 0.4008 -0.9137 -0.0667
0.040805 1.08956 0.180402 0.692593 0.235069 -0.5913 0.1571 0.791
0.266056 1.13423 0.339924 0.74998 0.20515 -0.5913 0.1571 0.791
0.05762 1.25898 0.159312 0.719382 0.270932 -0.5913 0.1571 0.791
-0 -0.668421 0.242859 0.547087 0.492802 0.3825 0.0266 0.9236
0.171727 -0.668421 0.171727 0.593002 0.507244 0.3825 0.0266 0.9236
0.007175 -0.067901 0.22258 0.504136 0.644139 0.3825 0.0266 0.9236
0.242859 -0.668421 -0 0.627139 0.519814 0.9236 0.0265 0.3825
0.221308 -0.039371 0.008446 0.5725 0.675079 0.9236 0.0265 0.3825
0.171727 -0.668421 0.171727 0.593002 0.507244 0.9236 0.0265 0.3825
0.171727 -0.668421 -0.171727 0.884372 0.320851 0.9232 0.0386 -0.3824
0.15859 -0.069841 -0.142969 0.887326 0.163821 0.9232 0.0386 -0.3824
0.242859 -0.668421 -0 0.929328 0.320383 0.9232 0.0386 -0.3824
0.171727 -0.668421 -0.171727 0.884372 0.320851 0.3822 0.0527 -0.9226
-0 -0.668421 -0.242859 0.840301 0.320383 0.3822 0.0527 -0.9226
0.15859 -0.069841 -0.142969 0.887326 0.163821 0.3822 0.0527 -0.9226
-0.171727 -0.668421 -0.171727 0.356668 0.370259 -0.382 0.0589 -0.9223
-0.14424 -0.039371 -0.142969 0.309949 0.528383 -0.382 0.0589 -0.9223
-0 -0.668421 -0.242859 0.310624 0.357873 -0.382 0.0589 -0.9223
-0.242859 -0.668421 0 0.3932 0.38396 -0.9222 0.06 -0.382
-0.206958 -0.062514 0.008446 0.343789 0.534662 -0.9222 0.06 -0.382
-0.171727 -0.668421 -0.171727 0.356668 0.370259 -0.9222 0.06 -0.382
-0.242859 -0.668421 0 0.900904 0.912409 -0.9228 0.0493 0.3822
-0.171727 -0.668421 0.171727 0.852802 0.911574 -0.9228 0.0493 0.3822
-0.206958 -0.062514 0.008446 0.89858 0.753626 -0.9228 0.0493 0.3822
-0 -0.668421 0.242859 0.816829 0.907213 -0.3824 0.0357 0.9233
0.007175 -0.067901 0.22258 0.824417 0.750448 -0.3824 0.0357 0.9233
-0.171727 -0.668421 0.171727 0.852802 0.911574 -0.3824 0.0357 0.9233
0.037371 0.971436 0.92875 0.931107 0.996798 0.3535 0.8973 -0.2645
0.09798 0.820814 0.498761 0.921718 0.881426 0.3535 0.8973 -0.2645
0.008767 0.86685 0.535714 0.942187 0.892001 0.3535 0.8973 -0.2645
0.221308 0.547424 0.008446 0.526859 0.821584 0.9239 0 0.3827
0.221308 0.844909 0.008446 0.50372 0.895857 0.9239 0 0.3827
0.15859 0.844909 0.159861 0.473621 0.884774 0.9239 0 0.3827
0.686358 1.02631 -0.610527 0.345974 0.269613 -0.1894 0.9024 0.3871
0.677316 1.03378 -0.632355 0.34075 0.272147 -0.1894 0.9024 0.3871
0.419324 0.877813 -0.395022 0.330835 0.177088 -0.1894 0.9024 0.3871
0.655487 0.983424 -0.641397 0.437603 0.072349 0.0751 -0.6185 -0.7822
0.677316 0.974638 -0.632355 0.443383 0.074225 0.0751 -0.6185 -0.7822
0.419324 0.643132 -0.395022 0.448879 0.158614 0.0751 -0.6185 -0.7822
-0.14424 0.547424 -0.142969 0.268647 0.67548 -0.3827 0 -0.9239
-0.14424 0.844909 -0.142969 0.247709 0.750052 -0.3827 0 -0.9239
0.007175 0.844909 -0.205687 0.207111 0.739131 -0.3827 0 -0.9239
-0.206958 0.786888 0.008446 0.284004 0.747588 -0.9239 0 -0.3827
-0.14424 0.844909 -0.142969 0.247709 0.750052 -0.9239 0 -0.3827
-0.14424 0.547424 -0.142969 0.268647 0.67548 -0.9239 0 -0.3827
0.314268 1.88457 0.026324 0.766271 0.196747 0.9067 -0.1873 0.3779
0.196694 1.46452 0.100213 0.748507 0.082211 0.9067 -0.1873 0.3779
0.232119 1.45089 0.008446 0.767484 0.082629 0.9067 -0.1873 0.3779
-0.14424 0.547424 0.159861 0.859889 0.594013 -0.9239 0 0.3827
-0.14424 0.844909 0.159861 0.861705 0.516525 -0.9239 0 0.3827
-0.206958 0.786888 0.008446 0.903763 0.532373 -0.9239 0 0.3827
0.037371 0.918367 0.92875 0.801428 0.095175 0.9902 0 0.1396
0.09798 0.645537 0.498761 0.801428 0.197263 0.9902 0 0.1396
0.09798 0.820814 0.498761 0.77 0.164099 0.9902 0 0.1396
0.202329 -1 0.202329 0.135097 0.174281 0 -1 -0
-0 -1 0.286136 0.135097 0.231672 0 -1 -0
-0.202329 -1 0.202329 0.095528 0.272147 0 -1 -0
-0.202329 -1 0.202329 0.095528 0.272147 0 -1 -0
0.286136 -1 -0 0.095528 0.133591 0 -1 -0
0.202329 -1 0.202329 0.135097 0.174281 0 -1 -0
-0.202329 -1 0.202329 0.095528 0.272147 0 -1 -0
-0 -1 -0.286136 0 0.173915 0 -1 -0
0.202329 -1 -0.202329 0.039569 0.13344 0 -1 -0
-0.202329 -1 0.202329 0.095528 0.272147 0 -1 -0
-0.286136 -1 0 0.039569 0.271995 0 -1 -0
-0.202329 -1 -0.202329 0 0.231306 0 -1 -0
0.202329 -1 -0.202329 0.039569 0.13344 0 -1 -0
0.286136 -1 -0 0.095528 0.133591 0 -1 -0
-0.202329 -1 0.202329 0.095528 0.272147 0 -1 -0
0.296564 1.88705 0.03373 0.826389 0.191895 0.139 0.9903 -0
0.314268 1.88457 0.026324 0.823836 0.196028 0.139 0.9903 -0
0.321602 1.88354 0.008446 0.818978 0.197263 0.139 0.9903 -0
0.321602 1.88354 0.008446 0.818978 0.197263 0.1389 0.9903 0
0.278859 1.88953 0.026324 0.825141 0.187285 0.1389 0.9903 0
0.296564 1.88705 0.03373 0.826389 0.191895 0.1389 0.9903 0
0.321602 1.88354 0.008446 0.818978 0.197263 0.139 0.9903 -0
0.278859 1.88953 -0.009431 0.815967 0.186133 0.139 0.9903 -0
0.271526 1.89056 0.008446 0.820825 0.184898 0.139 0.9903 -0
0.321602 1.88354 0.008446 0.818978 0.197263 0.139 0.9903 -0
0.314268 1.88457 -0.009432 0.814661 0.194876 0.139 0.9903 -0
0.296564 1.88705 -0.016837 0.813414 0.190266 0.139 0.9903 -0
0.271526 1.89056 0.008446 0.820825 0.184898 0.139 0.9903 -0
0.278859 1.88953 0.026324 0.825141 0.187285 0.139 0.9903 -0
0.321602 1.88354 0.008446 0.818978 0.197263 0.139 0.9903 -0
0.278859 1.88953 -0.009431 0.09864 1 -0.3107 0.3813 -0.8707
0.296564 1.88705 -0.016837 0.094059 0.998096 -0.3107 0.3813 -0.8707
0.111169 1.49743 -0.121331 0.148941 0.902879 -0.3107 0.3813 -0.8707
0.278859 1.88953 0.026324 0.757912 0.196895 -0.2571 0.3653 0.8947
0.025644 1.53034 0.100213 0.706376 0.093725 -0.2571 0.3653 0.8947
0.111169 1.49743 0.138223 0.723195 0.086807 -0.2571 0.3653 0.8947
0.296564 1.88705 0.03373 0.761264 0.196595 0.4197 0.0435 0.9066
0.111169 1.49743 0.138223 0.723195 0.086807 0.4197 0.0435 0.9066
0.196694 1.46452 0.100213 0.748507 0.082211 0.4197 0.0435 0.9066
0.314268 1.88457 -0.009432 0.429405 0.162082 0.905 -0.1872 -0.382
0.321602 1.88354 0.008446 0.432578 0.158614 0.905 -0.1872 -0.382
0.232119 1.45089 0.008446 0.507794 0.243672 0.905 -0.1872 -0.382
0.271526 1.89056 0.008446 0.820825 0.184898 -0.736 0.5879 -0.3357
0.278859 1.88953 -0.009431 0.815967 0.186133 -0.736 0.5879 -0.3357
0.025644 1.53034 -0.08332 0.801428 0.09997 -0.736 0.5879 -0.3357
0.296564 1.88705 -0.016837 0.425942 0.165156 0.3916 0.052 -0.9187
0.314268 1.88457 -0.009432 0.429405 0.162082 0.3916 0.052 -0.9187
0.196694 1.46452 -0.08332 0.490116 0.259763 0.3916 0.052 -0.9187
0.271526 1.89056 0.008446 0.82256 0.408013 -0.7226 0.5864 0.366
-0.009782 1.54397 0.008446 0.735264 0.355503 -0.7226 0.5864 0.366
0.025644 1.53034 0.100213 0.752008 0.33581 -0.7226 0.5864 0.366
0.025644 1.53034 0.100213 0.752008 0.33581 -0.8725 0.3045 0.3821
-0.009782 1.54397 0.008446 0.735264 0.355503 -0.8725 0.3045 0.3821
-0.086626 1.32378 0.008446 0.69022 0.316455 -0.8725 0.3045 0.3821
0.196694 1.46452 -0.08332 0.490116 0.259763 0.3966 -0.0044 -0.918
0.159617 1.2343 -0.098232 0.529642 0.305807 0.3966 -0.0044 -0.918
0.05762 1.25898 -0.14242 0.507451 0.321998 0.3966 -0.0044 -0.918
0.025644 1.53034 -0.08332 0.169873 0.917452 -0.8563 0.2697 -0.4405
-0.044378 1.28366 -0.098232 0.200619 0.858021 -0.8563 0.2697 -0.4405
-0.086626 1.32378 0.008446 0.220068 0.876497 -0.8563 0.2697 -0.4405
0.232119 1.45089 0.008446 0.507794 0.243672 0.9187 -0.1225 -0.3756
0.201866 1.22408 0.008446 0.549204 0.286009 0.9187 -0.1225 -0.3756
0.159617 1.2343 -0.098232 0.529642 0.305807 0.9187 -0.1225 -0.3756
0.111169 1.49743 0.138223 0.723195 0.086807 0.3989 -0.0085 0.917
0.05762 1.25898 0.159312 0.718478 0.022848 0.3989 -0.0085 0.917
0.159617 1.27898 0.115125 0.746061 0.032635 0.3989 -0.0085 0.917
0.111169 1.49743 0.138223 0.761583 0.31833 -0.3507 0.1554 0.9235
0.025644 1.53034 0.100213 0.752008 0.33581 -0.3507 0.1554 0.9235
-0.044378 1.28366 0.115125 0.705695 0.288725 -0.3507 0.1554 0.9235
0.111169 1.49743 -0.121331 0.148941 0.902879 -0.359 0.1619 -0.9192
0.05762 1.25898 -0.14242 0.174771 0.844361 -0.359 0.1619 -0.9192
-0.044378 1.28366 -0.098232 0.200619 0.858021 -0.359 0.1619 -0.9192
0.232119 1.45089 0.008446 0.767484 0.082629 0.9142 -0.1525 0.3756
0.196694 1.46452 0.100213 0.748507 0.082211 0.9142 -0.1525 0.3756
0.159617 1.27898 0.115125 0.746061 0.032635 0.9142 -0.1525 0.3756
-0 -1 0.286136 0.804706 0.993879 -0.3799 0.1197 0.9172
-0 -0.668421 0.242859 0.816829 0.907213 -0.3799 0.1197 0.9172
-0.171727 -0.668421 0.171727 0.852802 0.911574 -0.3799 0.1197 0.9172
-0.202329 -1 0.202329 0.847089 0.999017 -0.9172 0.1197 0.3799
-0.171727 -0.668421 0.171727 0.852802 0.911574 -0.9172 0.1197 0.3799
-0.242859 -0.668421 0 0.900904 0.912409 -0.9172 0.1197 0.3799
-0.286136 -1 0 0.425942 0.302882 -0.9172 0.1197 -0.3799
-0.242859 -0.668421 0 0.3932 0.38396 -0.9172 0.1197 -0.3799
-0.171727 -0.668421 -0.171727 0.356668 0.370259 -0.9172 0.1197 -0.3799
-0.202329 -1 -0.202329 0.382899 0.28674 -0.3799 0.1197 -0.9172
-0.171727 -0.668421 -0.171727 0.356668 0.370259 -0.3799 0.1197 -0.9172
-0 -0.668421 -0.242859 0.310624 0.357873 -0.3799 0.1197 -0.9172
-0 -1 -0.286136 0.83223 0.407462 0.3799 0.1197 -0.9172
-0 -0.668421 -0.242859 0.840301 0.320383 0.3799 0.1197 -0.9172
0.171727 -0.668421 -0.171727 0.884372 0.320851 0.3799 0.1197 -0.9172
0.202329 -1 -0.202329 0.884155 0.408013 0.9172 0.1197 -0.3799
0.171727 -0.668421 -0.171727 0.884372 0.320851 0.9172 0.1197 -0.3799
0.242859 -0.668421 -0 0.929328 0.320383 0.9172 0.1197 -0.3799
0.286136 -1 -0 0.662596 0.439838 0.9172 0.1197 0.3799
0.242859 -0.668421 -0 0.627139 0.519814 0.9172 0.1197 0.3799
0.171727 -0.668421 0.171727 0.593002 0.507244 0.9172 0.1197 0.3799
0.202329 -1 0.202329 0.622375 0.425027 0.3799 0.1197 0.9172
0.171727 -0.668421 0.171727 0.593002 0.507244 0.3799 0.1197 0.9172
-0 -0.668421 0.242859 0.547087 0.492802 0.3799 0.1197 0.9172
0.159275 1.03589 0.130037 0.462089 0.933881 0.9224 0.0564 0.3821
0.15859 0.844909 0.159861 0.473621 0.884774 0.9224 0.0564 0.3821
0.221308 0.844909 0.008446 0.50372 0.895857 0.9224 0.0564 0.3821
-0.077665 1.10601 -0.113144 0.218526 0.81416 -0.3584 0.2062 -0.9105
0.040805 1.08956 -0.163509 0.187761 0.801413 -0.3584 0.2062 -0.9105
0.007175 0.844909 -0.205687 0.207111 0.739131 -0.3584 0.2062 -0.9105
-0.077665 1.10601 0.130037 0.674795 0.253174 -0.467 0.217 0.8572
-0.14424 0.844909 0.159861 0.628904 0.200613 -0.467 0.217 0.8572
0.007175 0.923043 0.22258 0.668122 0.197263 -0.467 0.217 0.8572
0.159275 1.03589 0.130037 0.462089 0.933881 0.4392 0.1362 0.888
0.040805 1.08956 0.180402 0.426102 0.937259 0.4392 0.1362 0.888
0.007175 0.923043 0.22258 0.42706 0.891549 0.4392 0.1362 0.888
0.208347 1.06629 0.008446 0.58128 0.311736 0.929 0.0544 -0.3662
0.221308 0.844909 0.008446 0.626742 0.347308 0.929 0.0544 -0.3662
0.15859 0.896706 -0.142969 0.591251 0.369494 0.929 0.0544 -0.3662
-1.03513 1.35217 -0.052428 0.975978 0.406839 0.4018 0.8617 -0.3099
-1.04142 1.36072 -0.03683 0.971759 0.408013 0.4018 0.8617 -0.3099
-0.541627 1.13584 -0.014192 0.972075 0.291283 0.4018 0.8617 -0.3099
0.040805 1.08956 -0.163509 0.536595 0.355963 0.4044 0.1509 -0.902
0.159275 1.0731 -0.113144 0.559834 0.335241 0.4044 0.1509 -0.902
0.15859 0.896706 -0.142969 0.591251 0.369494 0.4044 0.1509 -0.902
-1.03513 1.35217 -0.021232 0.967911 0.406839 0.376 0.8682 0.3238
-0.513943 1.09826 0.054403 0.955156 0.286121 0.376 0.8682 0.3238
-0.541627 1.13584 -0.014192 0.972075 0.291283 0.376 0.8682 0.3238
-1.03513 1.35217 -0.052428 0.416691 0.924694 -0.9299 0.2001 -0.3085
-1.04367 1.30659 -0.056254 0.421286 0.91344 -0.9299 0.2001 -0.3085
-1.05172 1.29915 -0.03683 0.425942 0.913124 -0.9299 0.2001 -0.3085
-1.03513 1.35217 -0.021232 0.663386 0.432116 -0.8863 0.1481 0.4388
-1.04142 1.36072 -0.03683 0.667887 0.43018 -0.8863 0.1481 0.4388
-1.05172 1.29915 -0.03683 0.667887 0.446527 -0.8863 0.1481 0.4388
-1.04367 1.30659 -0.056254 0.17815 0.269888 -0.5014 -0.718 -0.4828
-0.551501 0.992019 -0.099611 0.153225 0.147927 -0.5014 -0.718 -0.4828
-0.586883 0.959288 -0.014192 0.173955 0.157858 -0.5014 -0.718 -0.4828
-1.04367 1.30659 -0.056254 0.421286 0.91344 -0.0158 0.0866 -0.9961
-1.03513 1.35217 -0.052428 0.416691 0.924694 -0.0158 0.0866 -0.9961
-0.513943 1.09826 -0.082786 0.317593 0.834628 -0.0158 0.0866 -0.9961
-1.04367 1.30659 -0.017405 0.96186 0.791747 -0.0632 0.1779 0.982
-0.551501 0.992019 0.071228 0.915324 0.664012 -0.0632 0.1779 0.982
-0.513943 1.09826 0.054403 0.944791 0.662935 -0.0632 0.1779 0.982
-1.04367 1.30659 -0.017405 0.188107 0.269888 -0.5311 -0.6941 0.486
-1.05172 1.29915 -0.03683 0.182863 0.272147 -0.5311 -0.6941 0.486
-0.586883 0.959288 -0.014192 0.173955 0.157858 -0.5311 -0.6941 0.486
-0.551501 0.992019 0.071228 0.197015 0.147927 -0.3885 -0.7951 0.4656
-0.586883 0.959288 -0.014192 0.173955 0.157858 -0.3885 -0.7951 0.4656
-0.206958 0.786888 0.008446 0.171842 0.06223 -0.3885 -0.7951 0.4656
-0.513943 1.09826 0.054403 0.944791 0.662935 -0.1379 0.2023 0.9696
-0.551501 0.992019 0.071228 0.915324 0.664012 -0.1379 0.2023 0.9696
-0.14424 0.844909 0.159861 0.903763 0.569645 -0.1379 0.2023 0.9696
-0.513943 1.09826 -0.082786 0.317593 0.834628 -0.0711 0.1311 -0.9888
-0.077665 1.10601 -0.113144 0.218526 0.81416 -0.0711 0.1311 -0.9888
-0.14424 0.844909 -0.142969 0.247709 0.750052 -0.0711 0.1311 -0.9888
-0.551501 0.992019 -0.099611 0.153225 0.147927 -0.3448 -0.8199 -0.457
-0.14424 0.844909 -0.142969 0.135097 0.044624 -0.3448 -0.8199 -0.457
-0.206958 0.786888 0.008446 0.171842 0.06223 -0.3448 -0.8199 -0.457
-0.513943 1.09826 0.054403 0.955156 0.286121 -0.1035 0.8541 0.5096
-0.077665 1.10601 0.130037 0.937122 0.173637 -0.1035 0.8541 0.5096
-0.126737 1.17262 0.008446 0.967112 0.182787 -0.1035 0.8541 0.5096
-0.513943 1.09826 -0.082786 0.990628 0.286121 -0.0499 0.8673 -0.4952
-0.541627 1.13584 -0.014192 0.972075 0.291283 -0.0499 0.8673 -0.4952
-0.126737 1.17262 0.008446 0.967112 0.182787 -0.0499 0.8673 -0.4952
0.007175 0.490365 0.22258 0.827823 0.605031 -0.3827 0 0.9239
-0.14424 0.547424 0.159861 0.859889 0.594013 -0.3827 0 0.9239
-0.14424 -0.039371 0.159861 0.856309 0.746862 -0.3827 0 0.9239
-0.14424 -0.039371 0.159861 0.856309 0.746862 -0.9239 0 0.3827
-0.14424 0.547424 0.159861 0.859889 0.594013 -0.9239 0 0.3827
-0.206958 0.501137 0.008446 0.902019 0.606806 -0.9239 0 0.3827
-0.206958 0.501137 0.008446 0.304116 0.675957 -0.9239 0 -0.3827
-0.14424 0.547424 -0.142969 0.268647 0.67548 -0.9239 0 -0.3827
-0.14424 -0.039371 -0.142969 0.309949 0.528383 -0.9239 0 -0.3827
-0.14424 -0.039371 -0.142969 0.309949 0.528383 -0.3827 0 -0.9239
-0.14424 0.547424 -0.142969 0.268647 0.67548 -0.3827 0 -0.9239
0.007175 0.547424 -0.205687 0.22805 0.664558 -0.3827 0 -0.9239
0.007175 -0.039371 -0.205687 0.848463 0.155426 0.3827 0 -0.9239
0.007175 0.547424 -0.205687 0.848372 0.00167799 0.3827 0 -0.9239
0.15859 0.486485 -0.142969 0.88724 0.018057 0.3827 0 -0.9239
0.15859 0.486485 -0.142969 0.88724 0.018057 0.9239 0 -0.3827
0.221308 0.547424 0.008446 0.926868 0.00167799 0.9239 0 -0.3827
0.221308 -0.039371 0.008446 0.92696 0.155426 0.9239 0 -0.3827
0.221308 -0.039371 0.008446 0.5725 0.675079 0.9239 0 0.3827
0.221308 0.547424 0.008446 0.526859 0.821584 0.9239 0 0.3827
0.15859 0.547424 0.159861 0.496759 0.810501 0.9239 0 0.3827
0.15859 -0.039371 0.159861 0.542401 0.663996 0.3827 0 0.9239
0.15859 0.547424 0.159861 0.496759 0.810501 0.3827 0 0.9239
0.007175 0.490365 0.22258 0.460714 0.783522 0.3827 0 0.9239
0.677316 1.03378 -0.632355 0.442083 0.058785 0.9239 0 -0.3827
0.686358 1.02631 -0.610527 0.447936 0.060189 0.9239 0 -0.3827
0.686358 0.983424 -0.610527 0.448879 0.071385 0.9239 0 -0.3827
0.655487 0.983424 -0.641397 0.437603 0.072349 0.3827 0 -0.9239
0.655487 1.02631 -0.641397 0.43666 0.061153 0.3827 0 -0.9239
0.677316 1.03378 -0.632355 0.442083 0.058785 0.3827 0 -0.9239
0.655487 0.983424 -0.641397 0.003019 0.717021 -0.5462 0 -0.8376
0.332702 0.677995 -0.430902 0.120487 0.668365 -0.5462 0 -0.8376
0.332702 0.84818 -0.430902 0.108508 0.711027 -0.5462 0 -0.8376
0.686358 0.983424 -0.610527 0.636712 0.194778 0.7664 -0.6395 -0.0601
0.455204 0.677995 -0.3084 0.637563 0.10018 0.7664 -0.6395 -0.0601
0.419324 0.643132 -0.395022 0.661115 0.11004 0.7664 -0.6395 -0.0601
0.686358 0.983424 -0.610527 0.662596 0.989292 0.7942 0 0.6076
0.686358 1.02631 -0.610527 0.65926 1 0.7942 0 0.6076
0.455204 0.84818 -0.3084 0.589379 0.92653 0.7942 0 0.6076
0.655487 1.02631 -0.641397 0.334865 0.269613 -0.3838 0.9061 0.1782
0.332702 0.84818 -0.430902 0.307481 0.167033 -0.3838 0.9061 0.1782
0.419324 0.877813 -0.395022 0.330835 0.177088 -0.3838 0.9061 0.1782
0.332702 0.84818 -0.430902 0.307481 0.167033 -0.2042 0.9376 -0.2815
0.007175 0.844909 -0.205687 0.29099 0.06529 -0.2042 0.9376 -0.2815
0.15859 0.896706 -0.142969 0.331813 0.082866 -0.2042 0.9376 -0.2815
0.455204 0.677995 -0.3084 0.602616 0.88404 0.8045 0 0.5939
0.455204 0.84818 -0.3084 0.589379 0.92653 0.8045 0 0.5939
0.221308 0.844909 0.008446 0.50372 0.895857 0.8045 0 0.5939
0.455204 0.677995 -0.3084 0.637563 0.10018 0.5749 -0.8133 0.0892
0.221308 0.547424 0.008446 0.628904 0 0.5749 -0.8133 0.0892
0.15859 0.486485 -0.142969 0.670073 0.017235 0.5749 -0.8133 0.0892
0.332702 0.677995 -0.430902 0.120487 0.668365 -0.569 0 -0.8224
0.007175 0.547424 -0.205687 0.22805 0.664558 -0.569 0 -0.8224
0.007175 0.844909 -0.205687 0.207111 0.739131 -0.569 0 -0.8224
0.332702 0.677995 -0.430902 0.681884 0.10018 -0.0819 -0.8063 -0.5858
0.419324 0.643132 -0.395022 0.661115 0.11004 -0.0819 -0.8063 -0.5858
0.15859 0.486485 -0.142969 0.670073 0.017235 -0.0819 -0.8063 -0.5858
0.455204 0.84818 -0.3084 0.351562 0.167033 0.2705 0.9397 0.2094
0.419324 0.877813 -0.395022 0.330835 0.177088 0.2705 0.9397 0.2094
0.15859 0.896706 -0.142969 0.331813 0.082866 0.2705 0.9397 0.2094
0.491307 1.29082 0.499446 0.82627 0.197263 -0.6412 0.1571 0.7511
0.495048 1.32852 0.494754 0.83223 0.205242 -0.6412 0.1571 0.7511
0.276334 1.23779 0.327033 0.766355 0.227072 -0.6412 0.1571 0.7511
0.05762 1.25898 -0.14242 0.174771 0.844361 -0.369 0.1508 -0.9171
0.040805 1.08956 -0.163509 0.187761 0.801413 -0.369 0.1508 -0.9171
-0.077665 1.10601 -0.113144 0.218526 0.81416 -0.369 0.1508 -0.9171
0.05762 1.25898 0.159312 0.719382 0.270932 -0.3635 0.1453 0.9202
-0.044378 1.28366 0.115125 0.705695 0.288725 -0.3635 0.1453 0.9202
-0.077665 1.10601 0.130037 0.674795 0.253174 -0.3635 0.1453 0.9202
0.528583 1.28565 0.461188 0.936074 0.567181 0.6601 -0.7469 0.0796
0.517665 1.27888 0.48824 0.929161 0.569645 0.6601 -0.7469 0.0796
0.33847 1.10142 0.309139 0.93296 0.496629 0.6601 -0.7469 0.0796
0.201866 1.22408 0.008446 0.549204 0.286009 0.9274 0.0381 -0.3721
0.208347 1.06629 0.008446 0.58128 0.311736 0.9274 0.0381 -0.3721
0.159275 1.0731 -0.113144 0.559834 0.335241 0.9274 0.0381 -0.3721
-0.044378 1.28366 -0.098232 0.200619 0.858021 -0.8654 0.2007 -0.4592
-0.077665 1.10601 -0.113144 0.218526 0.81416 -0.8654 0.2007 -0.4592
-0.126737 1.17262 0.008446 0.239424 0.840496 -0.8654 0.2007 -0.4592
0.159617 1.2343 -0.098232 0.529642 0.305807 0.3997 0.0836 -0.9128
0.159275 1.0731 -0.113144 0.559834 0.335241 0.3997 0.0836 -0.9128
0.040805 1.08956 -0.163509 0.536595 0.355963 0.3997 0.0836 -0.9128
-0.044378 1.28366 0.115125 0.705695 0.288725 -0.8716 0.2313 0.4322
-0.086626 1.32378 0.008446 0.69022 0.316455 -0.8716 0.2313 0.4322
-0.126737 1.17262 0.008446 0.660589 0.288941 -0.8716 0.2313 0.4322
0.037371 0.971436 0.92875 0.662596 0.450202 0.3827 0 0.9239
0.010359 0.985375 0.939938 0.670159 0.446527 0.3827 0 0.9239
0.010359 0.908188 0.939938 0.670159 0.466731 0.3827 0 0.9239
0.010359 0.908188 0.939938 0.662596 0.501008 -0.3827 0 0.9239
0.010359 0.985375 0.939938 0.663067 0.480903 -0.3827 0 0.9239
-0.016652 0.971436 0.92875 0.66864 0.48522 -0.3827 0 0.9239
-0.016652 0.971436 0.92875 0.944839 0.996798 -0.3547 0.8976 -0.2618
0.010359 0.985375 0.939938 0.937305 1 -0.3547 0.8976 -0.2618
0.008767 0.86685 0.535714 0.942187 0.892001 -0.3547 0.8976 -0.2618
-0.016652 0.918367 0.92875 0.250844 0.269652 -0.4812 -0.7061 0.5194
-0.080446 0.645537 0.49876 0.230147 0.14743 -0.4812 -0.7061 0.5194
0.008767 0.611918 0.535714 0.252407 0.15567 -0.4812 -0.7061 0.5194
0.037371 0.918367 0.92875 0.264808 0.269652 0.481 -0.708 0.5171
0.010359 0.908188 0.939938 0.257584 0.272147 0.481 -0.708 0.5171
0.008767 0.611918 0.535714 0.252407 0.15567 0.481 -0.708 0.5171
-0.016652 0.918367 0.92875 0.668316 0.499043 -0.9892 0 0.1468
-0.016652 0.971436 0.92875 0.66864 0.48522 -0.9892 0 0.1468
-0.080446 0.820814 0.49876 0.775269 0.523316 -0.9892 0 0.1468
-0.080446 0.645537 0.49876 0.774199 0.568972 -0.9827 0 0.185
-0.080446 0.820814 0.49876 0.775269 0.523316 -0.9827 0 0.185
-0.14424 0.844909 0.159861 0.861705 0.516525 -0.9827 0 0.185
0.09798 0.645537 0.498761 0.276264 0.14743 0.4476 -0.8344 0.3216
0.008767 0.611918 0.535714 0.252407 0.15567 0.4476 -0.8344 0.3216
0.007175 0.490365 0.22258 0.250499 0.069723 0.4476 -0.8344 0.3216
-0.080446 0.645537 0.49876 0.230147 0.14743 -0.4485 -0.8324 0.3254
-0.14424 0.547424 0.159861 0.212718 0.055738 -0.4485 -0.8324 0.3254
0.007175 0.490365 0.22258 0.250499 0.069723 -0.4485 -0.8324 0.3254
-0.080446 0.820814 0.49876 0.96707 0.881426 -0.503 0.8502 0.1551
0.008767 0.86685 0.535714 0.942187 0.892001 -0.503 0.8502 0.1551
0.007175 0.923043 0.22258 0.938505 0.811287 -0.503 0.8502 0.1551
0.09798 0.645537 0.498761 0.439575 0.815368 0.9844 0 0.176
0.15859 0.547424 0.159861 0.496759 0.810501 0.9844 0 0.176
0.15859 0.844909 0.159861 0.473621 0.884774 0.9844 0 0.176
0.09798 0.820814 0.498761 0.921718 0.881426 0.5018 0.8518 0.1503
0.15859 0.844909 0.159861 0.903763 0.79334 0.5018 0.8518 0.1503
0.007175 0.923043 0.22258 0.938505 0.811287 0.5018 0.8518 0.1503
0.527141 1.32075 0.461188 0.675611 0.477752 0.9331 0.0207 0.3589
0.517741 1.33297 0.484922 0.670806 0.480903 0.9331 0.0207 0.3589
0.517665 1.27888 0.48824 0.66989 0.466731 0.9331 0.0207 0.3589
0.517741 1.33297 0.484922 0.670806 0.480903 0.3837 0.0765 0.9203
0.495048 1.32852 0.494754 0.664365 0.479994 0.3837 0.0765 0.9203
0.491307 1.29082 0.499446 0.662596 0.470153 0.3837 0.0765 0.9203
0.527141 1.32075 0.461188 0.399537 0.269252 0.0433 0.8952 -0.4435
0.364504 1.21645 0.234817 0.384872 0.19394 0.0433 0.8952 -0.4435
0.338679 1.25001 0.300024 0.401337 0.201893 0.0433 0.8952 -0.4435
0.528583 1.28565 0.461188 0.628904 0.164338 0.8044 0.033 -0.5932
0.368465 1.12001 0.234817 0.616195 0.247473 0.8044 0.033 -0.5932
0.364504 1.21645 0.234817 0.596589 0.231747 0.8044 0.033 -0.5932
0.491307 1.29082 0.499446 0.922172 0.567181 -0.0157 -0.7024 0.7116
0.266056 1.13423 0.339924 0.913759 0.489862 -0.0157 -0.7024 0.7116
0.33847 1.10142 0.309139 0.93296 0.496629 -0.0157 -0.7024 0.7116
0.495048 1.32852 0.494754 0.411381 0.269252 -0.2611 0.9496 -0.1732
0.517741 1.33297 0.484922 0.40553 0.272147 -0.2611 0.9496 -0.1732
0.338679 1.25001 0.300024 0.401337 0.201893 -0.2611 0.9496 -0.1732
0.276334 1.23779 0.327033 0.41741 0.19394 -0.0874 0.9678 0.2362
0.338679 1.25001 0.300024 0.401337 0.201893 -0.0874 0.9678 0.2362
0.159617 1.27898 0.115125 0.394981 0.137431 -0.0874 0.9678 0.2362
0.266056 1.13423 0.339924 0.913759 0.489862 -0.1781 -0.8532 0.4903
0.040805 1.08956 0.180402 0.903763 0.41728 -0.1781 -0.8532 0.4903
0.159275 1.03589 0.130037 0.935176 0.428351 -0.1781 -0.8532 0.4903
0.368465 1.12001 0.234817 0.616195 0.247473 0.8122 0.0334 -0.5824
0.208347 1.06629 0.008446 0.58128 0.311736 0.8122 0.0334 -0.5824
0.201866 1.22408 0.008446 0.549204 0.286009 0.8122 0.0334 -0.5824
0.364504 1.21645 0.234817 0.384872 0.19394 0.4243 0.8625 -0.2758
0.201866 1.22408 0.008446 0.368044 0.12442 0.4243 0.8625 -0.2758
0.159617 1.27898 0.115125 0.394981 0.137431 0.4243 0.8625 -0.2758
0.368465 1.12001 0.234817 0.951952 0.489862 0.4008 -0.9137 -0.0667
0.33847 1.10142 0.309139 0.93296 0.496629 0.4008 -0.9137 -0.0667
0.159275 1.03589 0.130037 0.935176 0.428351 0.4008 -0.9137 -0.0667
0.266056 1.13423 0.339924 0.74998 0.20515 -0.5913 0.1571 0.791
0.276334 1.23779 0.327033 0.766355 0.227072 -0.5913 0.1571 0.791
0.05762 1.25898 0.159312 0.719382 0.270932 -0.5913 0.1571 0.791
0.171727 -0.668421 0.171727 0.593002 0.507244 0.3785 0.0254 0.9253
0.15859 -0.039371 0.159861 0.542401 0.663996 0.3785 0.0254 0.9253
0.007175 -0.067901 0.22258 0.504136 0.644139 0.3785 0.0254 0.9253
0.221308 -0.039371 0.008446 0.5725 0.675079 0.9236 0.0265 0.3825
0.15859 -0.039371 0.159861 0.542401 0.663996 0.9236 0.0265 0.3825
0.171727 -0.668421 0.171727 0.593002 0.507244 0.9236 0.0265 0.3825
0.15859 -0.069841 -0.142969 0.887326 0.163821 0.9206 0.0368 -0.3887
0.221308 -0.039371 0.008446 0.92696 0.155426 0.9206 0.0368 -0.3887
0.242859 -0.668421 -0 0.929328 0.320383 0.9206 0.0368 -0.3887
-0 -0.668421 -0.242859 0.840301 0.320383 0.3908 0.0499 -0.9191
0.007175 -0.039371 -0.205687 0.848463 0.155426 0.3908 0.0499 -0.9191
0.15859 -0.069841 -0.142969 0.887326 0.163821 0.3908 0.0499 -0.9191
-0.14424 -0.039371 -0.142969 0.309949 0.528383 -0.382 0.0589 -0.9223
0.007175 -0.039371 -0.205687 0.269351 0.517462 -0.382 0.0589 -0.9223
-0 -0.668421 -0.242859 0.310624 0.357873 -0.382 0.0589 -0.9223
-0.206958 -0.062514 0.008446 0.343789 0.534662 -0.9254 0.0576 -0.3745
-0.14424 -0.039371 -0.142969 0.309949 0.528383 -0.9254 0.0576 -0.3745
-0.171727 -0.668421 -0.171727 0.356668 0.370259 -0.9254 0.0576 -0.3745
-0.171727 -0.668421 0.171727 0.852802 0.911574 -0.9254 0.0475 0.376
-0.14424 -0.039371 0.159861 0.856309 0.746862 -0.9254 0.0475 0.376
-0.206958 -0.062514 0.008446 0.89858 0.753626 -0.9254 0.0475 0.376
0.007175 -0.067901 0.22258 0.824417 0.750448 -0.377 0.0339 0.9256
-0.14424 -0.039371 0.159861 0.856309 0.746862 -0.377 0.0339 0.9256
-0.171727 -0.668421 0.171727 0.852802 0.911574 -0.377 0.0339 0.9256
