Vertex Count: 36

Data:

1 -1 1 0.9999 0.000100017 0 -1 -0
-1 -1 1 0.9999 0.9999 0 -1 -0
1 -1 -1 0.0001 0.000100017 0 -1 -0
1 1 0.999999 0.9999 0.9999 0 1 -0
0.999999 1 -1 0.0001 0.9999 0 1 -0
-1 1 1 0.9999 0.000100017 0 1 -0
1 -1 1 0.9999 0.9999 1 -0 -0
1 -1 -1 0.0001 0.9999 1 -0 -0
1 1 0.999999 0.9999 0.000100017 1 -0 -0
1 -1 -1 0.9999 0.9999 0 -0 -1
-1 -1 -1 0.0001 0.9999 0 -0 -1
0.999999 1 -1 0.9999 0.000100017 0 -0 -1
-1 -1 1 0.0001 0.9999 -1 -0 0
-1 1 1 0.0001 0.000100017 -1 -0 0
-1 -1 -1 0.9999 0.9999 -1 -0 0
1 1 0.999999 0.0001 0.000100017 0 0 1
-1 1 1 0.9999 0.000100017 0 0 1
1 -1 1 0.0001 0.9999 0 0 1
-1 -1 1 0.9999 0.9999 0 -1 -0
-1 -1 -1 0.0001 0.9999 0 -1 -0
1 -1 -1 0.0001 0.000100017 0 -1 -0
0.999999 1 -1 0.0001 0.9999 0 1 -0
-1 1 -1 0.0001 0.000100017 0 1 -0
-1 1 1 0.9999 0.000100017 0 1 -0
1 -1 -1 0.0001 0.9999 1 -0 -0
0.999999 1 -1 0.0001 0.000100017 1 -0 -0
1 1 0.999999 0.9999 0.000100017 1 -0 -0
-1 -1 -1 0.0001 0.9999 0 -0 -1
-1 1 -1 0.0001 0.000100017 0 -0 -1
0.999999 1 -1 0.9999 0.000100017 0 -0 -1
-1 1 1 0.0001 0.000100017 -1 -0 0
-1 1 -1 0.9999 0.000100017 -1 -0 0
-1 -1 -1 0.9999 0.9999 -1 -0 0
-1 1 1 0.9999 0.000100017 0 0 1
-1 -1 1 0.9999 0.9999 0 0 1
1 -1 1 0.0001 0.9999 0 0 1
