Vertex Count: 1548

Data:

-0.686379 0.647964 0.344574 0.819672 0.266419 0.0723 -0.9722 -0.2227
-0.388875 0.647965 0.441241 0.777604 0.297926 0.0723 -0.9722 -0.2227
-0.604152 0.596123 0.597647 0.769606 0.252759 0.0723 -0.9722 -0.2227
-0.173596 0.760753 0.597647 0.880619 0.30785 0.5731 -0.7896 -0.2194
-0.388875 0.647965 0.441241 0.862071 0.256891 0.5731 -0.7896 -0.2194
-0.237898 0.788008 0.331551 0.893681 0.274043 0.5731 -0.7896 -0.2194
-0.87025 0.647965 0.597647 0.797586 0.211641 -0.1894 -0.9722 -0.1376
-0.686379 0.647964 0.344574 0.819672 0.266419 -0.1894 -0.9722 -0.1376
-0.604152 0.596123 0.597647 0.769606 0.252759 -0.1894 -0.9722 -0.1376
-0.686379 0.647964 0.850719 0.741868 0.209295 -0.1894 -0.9722 0.1376
-0.87025 0.647965 0.597647 0.797586 0.211641 -0.1894 -0.9722 0.1376
-0.604152 0.596123 0.597647 0.769606 0.252759 -0.1894 -0.9722 0.1376
-0.388875 0.647965 0.754053 0.729519 0.262622 0.0723 -0.9722 0.2227
-0.686379 0.647964 0.850719 0.741868 0.209295 0.0723 -0.9722 0.2227
-0.604152 0.596123 0.597647 0.769606 0.252759 0.0723 -0.9722 0.2227
-0.122774 0.94325 0.44124 0.920717 0.304032 0.854 -0.4546 -0.2529
-0.173596 0.760753 0.597647 0.880619 0.30785 0.854 -0.4546 -0.2529
-0.237898 0.788008 0.331551 0.893681 0.274043 0.854 -0.4546 -0.2529
-0.604152 0.94325 0.091496 0.926951 0.191394 0.0234 -0.4546 -0.8904
-0.471101 0.760752 0.188165 0.890705 0.221578 0.0234 -0.4546 -0.8904
-0.744045 0.788008 0.16709 0.893681 0.173125 0.0234 -0.4546 -0.8904
-1.08553 0.94325 0.44124 0.862071 0.180494 -0.8396 -0.4546 -0.2973
-0.952479 0.760753 0.344573 0.851936 0.221564 -0.8396 -0.4546 -0.2973
-1.05687 0.788009 0.597647 0.824496 0.176448 -0.8396 -0.4546 -0.2973
-0.90166 0.94325 1.00713 0.366324 0.162361 -0.5422 -0.4546 0.7066
-0.952479 0.760753 0.85072 0.39739 0.139155 -0.5422 -0.4546 0.7066
-0.744045 0.788008 1.0282 0.395068 0.190411 -0.5422 -0.4546 0.7066
-0.306644 0.94325 1.00713 0.917496 0.159624 0.5045 -0.4546 0.7341
-0.471101 0.760752 1.00713 0.884855 0.171449 0.5045 -0.4546 0.7341
-0.237898 0.788008 0.863743 0.886767 0.130016 0.5045 -0.4546 0.7341
-0.306644 0.94325 0.188163 0.926951 0.250712 0.7956 -0.1816 -0.578
-0.122774 0.94325 0.44124 0.920717 0.304032 0.7956 -0.1816 -0.578
-0.237898 0.788008 0.331551 0.893681 0.274043 0.7956 -0.1816 -0.578
-0.90166 0.94325 0.188163 0.919978 0.792774 -0.3039 -0.1816 -0.9352
-0.604152 0.94325 0.091496 0.92639 0.840527 -0.3039 -0.1816 -0.9352
-0.744045 0.788008 0.16709 0.894653 0.813193 -0.3039 -0.1816 -0.9352
-1.08553 0.94325 0.754053 0.92639 0.683409 -0.9834 -0.1816 -0
-1.08553 0.94325 0.44124 0.919979 0.73276 -0.9834 -0.1816 -0
-1.05687 0.788009 0.597647 0.894654 0.711092 -0.9834 -0.1816 -0
-0.604152 0.94325 1.1038 0.366324 0.221599 -0.3039 -0.1816 0.9352
-0.90166 0.94325 1.00713 0.366324 0.162361 -0.3039 -0.1816 0.9352
-0.744045 0.788008 1.0282 0.395068 0.190411 -0.3039 -0.1816 0.9352
-0.122774 0.94325 0.754053 0.914885 0.101863 0.7956 -0.1816 0.578
-0.306644 0.94325 1.00713 0.917496 0.159624 0.7956 -0.1816 0.578
-0.237898 0.788008 0.863743 0.886767 0.130016 0.7956 -0.1816 0.578
-0.521925 1.23854 0.344574 0.643899 0.70721 0.3347 0.7896 -0.5143
-0.255825 1.12575 0.344573 0.649575 0.755991 0.3347 0.7896 -0.5143
-0.464258 1.09849 0.16709 0.607446 0.72476 0.3347 0.7896 -0.5143
-0.819429 1.23854 0.441241 0.649201 0.647425 -0.3857 0.7896 -0.4772
-0.737203 1.12575 0.188165 0.601302 0.673114 -0.3857 0.7896 -0.4772
-0.970406 1.09849 0.331551 0.616466 0.623048 -0.3857 0.7896 -0.4772
-0.819429 1.23854 0.754053 0.706051 0.633568 -0.5731 0.7896 0.2194
-1.03471 1.12575 0.597647 0.663454 0.599472 -0.5731 0.7896 0.2194
-0.970406 1.09849 0.863743 0.713186 0.599472 -0.5731 0.7896 0.2194
-0.521925 1.23854 0.850719 0.302861 0.214723 0.0315 0.7896 0.6128
-0.737203 1.12575 1.00713 0.330217 0.191225 0.0315 0.7896 0.6128
-0.464258 1.09849 1.0282 0.333639 0.239517 0.0315 0.7896 0.6128
-0.338054 1.23854 0.597647 0.697473 0.730301 0.5926 0.7896 0.1594
-0.255825 1.12575 0.85072 0.741562 0.733569 0.5926 0.7896 0.1594
-0.151438 1.09849 0.597647 0.698593 0.764046 0.5926 0.7896 0.1594
-0.604152 1.29038 0.597647 0.688936 0.681055 0.1894 0.9722 0.1376
-0.521925 1.23854 0.850719 0.735885 0.684788 0.1894 0.9722 0.1376
-0.338054 1.23854 0.597647 0.697473 0.730301 0.1894 0.9722 0.1376
-0.521925 1.23854 0.850719 0.735885 0.684788 0.3754 0.8858 0.2728
-0.255825 1.12575 0.85072 0.741562 0.733569 0.3754 0.8858 0.2728
-0.338054 1.23854 0.597647 0.697473 0.730301 0.3754 0.8858 0.2728
-0.521925 1.23854 0.850719 0.735885 0.684788 0.3347 0.7896 0.5143
-0.464258 1.09849 1.0282 0.763944 0.686613 0.3347 0.7896 0.5143
-0.255825 1.12575 0.85072 0.741562 0.733569 0.3347 0.7896 0.5143
-0.604152 1.29038 0.597647 0.688936 0.681055 -0.0723 0.9722 0.2227
-0.819429 1.23854 0.754053 0.706051 0.633568 -0.0723 0.9722 0.2227
-0.521925 1.23854 0.850719 0.735885 0.684788 -0.0723 0.9722 0.2227
-0.819429 1.23854 0.754053 0.706051 0.633568 -0.1434 0.8858 0.4414
-0.737203 1.12575 1.00713 0.750139 0.636835 -0.1434 0.8858 0.4414
-0.521925 1.23854 0.850719 0.735885 0.684788 -0.1434 0.8858 0.4414
-0.819429 1.23854 0.754053 0.302861 0.155486 -0.3857 0.7896 0.4772
-0.970406 1.09849 0.863743 0.333639 0.138737 -0.3857 0.7896 0.4772
-0.737203 1.12575 1.00713 0.330217 0.191225 -0.3857 0.7896 0.4772
-0.604152 1.29038 0.597647 0.688936 0.681055 -0.2341 0.9722 -0
-0.819429 1.23854 0.441241 0.649201 0.647425 -0.2341 0.9722 -0
-0.819429 1.23854 0.754053 0.706051 0.633568 -0.2341 0.9722 -0
-0.819429 1.23854 0.441241 0.649201 0.647425 -0.4641 0.8858 -0
-1.03471 1.12575 0.597647 0.663454 0.599472 -0.4641 0.8858 -0
-0.819429 1.23854 0.754053 0.706051 0.633568 -0.4641 0.8858 -0
-0.819429 1.23854 0.441241 0.649201 0.647425 -0.5731 0.7896 -0.2194
-0.970406 1.09849 0.331551 0.616466 0.623048 -0.5731 0.7896 -0.2194
-1.03471 1.12575 0.597647 0.663454 0.599472 -0.5731 0.7896 -0.2194
-0.604152 1.29038 0.597647 0.688936 0.681055 -0.0723 0.9722 -0.2227
-0.521925 1.23854 0.344574 0.643899 0.70721 -0.0723 0.9722 -0.2227
-0.819429 1.23854 0.441241 0.649201 0.647425 -0.0723 0.9722 -0.2227
-0.521925 1.23854 0.344574 0.643899 0.70721 -0.1434 0.8858 -0.4414
-0.737203 1.12575 0.188165 0.601302 0.673114 -0.1434 0.8858 -0.4414
-0.819429 1.23854 0.441241 0.649201 0.647425 -0.1434 0.8858 -0.4414
-0.521925 1.23854 0.344574 0.643899 0.70721 0.0315 0.7896 -0.6128
-0.464258 1.09849 0.16709 0.607446 0.72476 0.0315 0.7896 -0.6128
-0.737203 1.12575 0.188165 0.601302 0.673114 0.0315 0.7896 -0.6128
-0.604152 1.29038 0.597647 0.688936 0.681055 0.1894 0.9722 -0.1376
-0.338054 1.23854 0.597647 0.697473 0.730301 0.1894 0.9722 -0.1376
-0.521925 1.23854 0.344574 0.643899 0.70721 0.1894 0.9722 -0.1376
-0.338054 1.23854 0.597647 0.697473 0.730301 0.3754 0.8858 -0.2728
-0.255825 1.12575 0.344573 0.649575 0.755991 0.3754 0.8858 -0.2728
-0.521925 1.23854 0.344574 0.643899 0.70721 0.3754 0.8858 -0.2728
-0.338054 1.23854 0.597647 0.697473 0.730301 0.5926 0.7896 -0.1594
-0.151438 1.09849 0.597647 0.698593 0.764046 0.5926 0.7896 -0.1594
-0.255825 1.12575 0.344573 0.649575 0.755991 0.5926 0.7896 -0.1594
-0.151438 1.09849 0.597647 0.945045 0.074856 0.8396 0.4546 0.2974
-0.255825 1.12575 0.85072 0.951751 0.127201 0.8396 0.4546 0.2974
-0.122774 0.94325 0.754053 0.914885 0.101863 0.8396 0.4546 0.2974
-0.255825 1.12575 0.85072 0.951751 0.127201 0.7794 0.2683 0.5662
-0.306644 0.94325 1.00713 0.917496 0.159624 0.7794 0.2683 0.5662
-0.122774 0.94325 0.754053 0.914885 0.101863 0.7794 0.2683 0.5662
-0.255825 1.12575 0.85072 0.951751 0.127201 0.5422 0.4546 0.7066
-0.464258 1.09849 1.0282 0.949488 0.173125 0.5422 0.4546 0.7066
-0.306644 0.94325 1.00713 0.917496 0.159624 0.5422 0.4546 0.7066
-0.464258 1.09849 1.0282 0.333639 0.239517 -0.0234 0.4546 0.8904
-0.737203 1.12575 1.00713 0.330217 0.191225 -0.0234 0.4546 0.8904
-0.604152 0.94325 1.1038 0.366324 0.221599 -0.0234 0.4546 0.8904
-0.737203 1.12575 1.00713 0.330217 0.191225 -0.2977 0.2683 0.9162
-0.90166 0.94325 1.00713 0.366324 0.162361 -0.2977 0.2683 0.9162
-0.604152 0.94325 1.1038 0.366324 0.221599 -0.2977 0.2683 0.9162
-0.737203 1.12575 1.00713 0.330217 0.191225 -0.5045 0.4546 0.7341
-0.970406 1.09849 0.863743 0.333639 0.138737 -0.5045 0.4546 0.7341
-0.90166 0.94325 1.00713 0.366324 0.162361 -0.5045 0.4546 0.7341
-0.970406 1.09849 0.863743 0.333639 0.138737 -0.854 0.4546 0.2529
-1.03471 1.12575 0.597647 0.322061 0.104533 -0.854 0.4546 0.2529
-1.08553 0.94325 0.754053 0.361284 0.108782 -0.854 0.4546 0.2529
-1.03471 1.12575 0.597647 0.959108 0.713783 -0.9633 0.2683 -0
-1.08553 0.94325 0.44124 0.919979 0.73276 -0.9633 0.2683 -0
-1.08553 0.94325 0.754053 0.92639 0.683409 -0.9633 0.2683 -0
-1.03471 1.12575 0.597647 0.959108 0.713783 -0.854 0.4546 -0.2529
-0.970406 1.09849 0.331551 0.950317 0.762767 -0.854 0.4546 -0.2529
-1.08553 0.94325 0.44124 0.919979 0.73276 -0.854 0.4546 -0.2529
-0.970406 1.09849 0.331551 0.950317 0.762767 -0.5045 0.4546 -0.7341
-0.737203 1.12575 0.188165 0.959108 0.810886 -0.5045 0.4546 -0.7341
-0.90166 0.94325 0.188163 0.919978 0.792774 -0.5045 0.4546 -0.7341
-0.737203 1.12575 0.188165 0.959108 0.810886 -0.2977 0.2683 -0.9162
-0.604152 0.94325 0.091496 0.92639 0.840527 -0.2977 0.2683 -0.9162
-0.90166 0.94325 0.188163 0.919978 0.792774 -0.2977 0.2683 -0.9162
-0.737203 1.12575 0.188165 0.956962 0.177868 -0.0234 0.4546 -0.8904
-0.464258 1.09849 0.16709 0.955346 0.22269 -0.0234 0.4546 -0.8904
-0.604152 0.94325 0.091496 0.926951 0.191394 -0.0234 0.4546 -0.8904
-0.464258 1.09849 0.16709 0.955346 0.22269 0.5422 0.4546 -0.7066
-0.255825 1.12575 0.344573 0.956962 0.273847 0.5422 0.4546 -0.7066
-0.306644 0.94325 0.188163 0.926951 0.250712 0.5422 0.4546 -0.7066
-0.255825 1.12575 0.344573 0.956962 0.273847 0.7794 0.2683 -0.5662
-0.122774 0.94325 0.44124 0.920717 0.304032 0.7794 0.2683 -0.5662
-0.306644 0.94325 0.188163 0.926951 0.250712 0.7794 0.2683 -0.5662
-0.255825 1.12575 0.344573 0.951751 0.036114 0.8396 0.4546 -0.2974
-0.151438 1.09849 0.597647 0.945045 0.074856 0.8396 0.4546 -0.2974
-0.122774 0.94325 0.44124 0.914885 0.045568 0.8396 0.4546 -0.2974
-0.464258 1.09849 1.0282 0.333639 0.239517 0.3039 0.1816 0.9352
-0.604152 0.94325 1.1038 0.366324 0.221599 0.3039 0.1816 0.9352
-0.306644 0.94325 1.00713 0.361283 0.263867 0.3039 0.1816 0.9352
-0.604152 0.94325 1.1038 0.366324 0.221599 0.2977 -0.2683 0.9162
-0.471101 0.760752 1.00713 0.39739 0.235003 0.2977 -0.2683 0.9162
-0.306644 0.94325 1.00713 0.361283 0.263867 0.2977 -0.2683 0.9162
-0.604152 0.94325 1.1038 0.366324 0.221599 0.0234 -0.4546 0.8904
-0.744045 0.788008 1.0282 0.395068 0.190411 0.0234 -0.4546 0.8904
-0.471101 0.760752 1.00713 0.39739 0.235003 0.0234 -0.4546 0.8904
-0.970406 1.09849 0.863743 0.333639 0.138737 -0.7956 0.1816 0.578
-1.08553 0.94325 0.754053 0.361284 0.108782 -0.7956 0.1816 0.578
-0.90166 0.94325 1.00713 0.366324 0.162361 -0.7956 0.1816 0.578
-1.08553 0.94325 0.754053 0.361284 0.108782 -0.7794 -0.2683 0.5662
-0.952479 0.760753 0.85072 0.39739 0.139155 -0.7794 -0.2683 0.5662
-0.90166 0.94325 1.00713 0.366324 0.162361 -0.7794 -0.2683 0.5662
-1.08553 0.94325 0.754053 0.813986 0.14519 -0.8396 -0.4546 0.2973
-1.05687 0.788009 0.597647 0.824496 0.176448 -0.8396 -0.4546 0.2973
-0.952479 0.760753 0.85072 0.774132 0.16444 -0.8396 -0.4546 0.2973
-0.970406 1.09849 0.331551 0.950317 0.762767 -0.7956 0.1816 -0.578
-0.90166 0.94325 0.188163 0.919978 0.792774 -0.7956 0.1816 -0.578
-1.08553 0.94325 0.44124 0.919979 0.73276 -0.7956 0.1816 -0.578
-0.90166 0.94325 0.188163 0.919978 0.792774 -0.7794 -0.2683 -0.5662
-0.952479 0.760753 0.344573 0.88726 0.7624 -0.7794 -0.2683 -0.5662
-1.08553 0.94325 0.44124 0.919979 0.73276 -0.7794 -0.2683 -0.5662
-0.90166 0.94325 0.188163 0.919978 0.792774 -0.5422 -0.4546 -0.7066
-0.744045 0.788008 0.16709 0.894653 0.813193 -0.5422 -0.4546 -0.7066
-0.952479 0.760753 0.344573 0.88726 0.7624 -0.5422 -0.4546 -0.7066
-0.464258 1.09849 0.16709 0.955346 0.22269 0.3039 0.1816 -0.9352
-0.306644 0.94325 0.188163 0.926951 0.250712 0.3039 0.1816 -0.9352
-0.604152 0.94325 0.091496 0.926951 0.191394 0.3039 0.1816 -0.9352
-0.306644 0.94325 0.188163 0.926951 0.250712 0.2977 -0.2683 -0.9162
-0.471101 0.760752 0.188165 0.890705 0.221578 0.2977 -0.2683 -0.9162
-0.604152 0.94325 0.091496 0.926951 0.191394 0.2977 -0.2683 -0.9162
-0.306644 0.94325 0.188163 0.926951 0.250712 0.5045 -0.4546 -0.7341
-0.237898 0.788008 0.331551 0.893681 0.274043 0.5045 -0.4546 -0.7341
-0.471101 0.760752 0.188165 0.890705 0.221578 0.5045 -0.4546 -0.7341
-0.151438 1.09849 0.597647 0.945045 0.074856 0.9834 0.1816 -0
-0.122774 0.94325 0.754053 0.914885 0.101863 0.9834 0.1816 -0
-0.122774 0.94325 0.44124 0.914885 0.045568 0.9834 0.1816 -0
-0.122774 0.94325 0.754053 0.914885 0.101863 0.9633 -0.2683 -0
-0.173596 0.760753 0.597647 0.88063 0.077991 0.9633 -0.2683 -0
-0.122774 0.94325 0.44124 0.914885 0.045568 0.9633 -0.2683 -0
-0.122774 0.94325 0.754053 0.914885 0.101863 0.854 -0.4546 0.2529
-0.237898 0.788008 0.863743 0.886767 0.130016 0.854 -0.4546 0.2529
-0.173596 0.760753 0.597647 0.88063 0.077991 0.854 -0.4546 0.2529
-0.237898 0.788008 0.863743 0.886767 0.130016 0.3857 -0.7896 0.4772
-0.471101 0.760752 1.00713 0.884855 0.171449 0.3857 -0.7896 0.4772
-0.388875 0.647965 0.754053 0.862071 0.120997 0.3857 -0.7896 0.4772
-0.471101 0.760752 1.00713 0.706065 0.215421 0.1434 -0.8858 0.4414
-0.686379 0.647964 0.850719 0.741868 0.209295 0.1434 -0.8858 0.4414
-0.388875 0.647965 0.754053 0.729519 0.262622 0.1434 -0.8858 0.4414
-0.471101 0.760752 1.00713 0.706065 0.215421 -0.0315 -0.7896 0.6128
-0.744045 0.788008 1.0282 0.729703 0.172455 -0.0315 -0.7896 0.6128
-0.686379 0.647964 0.850719 0.741868 0.209295 -0.0315 -0.7896 0.6128
-0.744045 0.788008 1.0282 0.729703 0.172455 -0.3347 -0.7896 0.5143
-0.952479 0.760753 0.85072 0.774132 0.16444 -0.3347 -0.7896 0.5143
-0.686379 0.647964 0.850719 0.741868 0.209295 -0.3347 -0.7896 0.5143
-0.952479 0.760753 0.85072 0.774132 0.16444 -0.3754 -0.8858 0.2728
-0.87025 0.647965 0.597647 0.797586 0.211641 -0.3754 -0.8858 0.2728
-0.686379 0.647964 0.850719 0.741868 0.209295 -0.3754 -0.8858 0.2728
-0.952479 0.760753 0.85072 0.774132 0.16444 -0.5926 -0.7896 0.1594
-1.05687 0.788009 0.597647 0.824496 0.176448 -0.5926 -0.7896 0.1594
-0.87025 0.647965 0.597647 0.797586 0.211641 -0.5926 -0.7896 0.1594
-1.05687 0.788009 0.597647 0.824496 0.176448 -0.5926 -0.7896 -0.1594
-0.952479 0.760753 0.344573 0.851936 0.221564 -0.5926 -0.7896 -0.1594
-0.87025 0.647965 0.597647 0.797586 0.211641 -0.5926 -0.7896 -0.1594
-0.952479 0.760753 0.344573 0.851936 0.221564 -0.3754 -0.8858 -0.2728
-0.686379 0.647964 0.344574 0.819672 0.266419 -0.3754 -0.8858 -0.2728
-0.87025 0.647965 0.597647 0.797586 0.211641 -0.3754 -0.8858 -0.2728
-0.952479 0.760753 0.344573 0.851936 0.221564 -0.3347 -0.7896 -0.5143
-0.744045 0.788008 0.16709 0.862071 0.269642 -0.3347 -0.7896 -0.5143
-0.686379 0.647964 0.344574 0.819672 0.266419 -0.3347 -0.7896 -0.5143
-0.237898 0.788008 0.863743 0.886767 0.130016 0.5731 -0.7896 0.2194
-0.388875 0.647965 0.754053 0.862071 0.120997 0.5731 -0.7896 0.2194
-0.173596 0.760753 0.597647 0.88063 0.077991 0.5731 -0.7896 0.2194
-0.388875 0.647965 0.754053 0.729519 0.262622 0.4641 -0.8858 -0
-0.388875 0.647965 0.441241 0.777604 0.297926 0.4641 -0.8858 -0
-0.173596 0.760753 0.597647 0.741801 0.304052 0.4641 -0.8858 -0
-0.388875 0.647965 0.754053 0.729519 0.262622 0.2341 -0.9722 -0
-0.604152 0.596123 0.597647 0.769606 0.252759 0.2341 -0.9722 -0
-0.388875 0.647965 0.441241 0.777604 0.297926 0.2341 -0.9722 -0
-0.744045 0.788008 0.16709 0.862071 0.269642 -0.0315 -0.7896 -0.6128
-0.471101 0.760752 0.188165 0.831954 0.30785 -0.0315 -0.7896 -0.6128
-0.686379 0.647964 0.344574 0.819672 0.266419 -0.0315 -0.7896 -0.6128
-0.471101 0.760752 0.188165 0.831954 0.30785 0.1434 -0.8858 -0.4414
-0.388875 0.647965 0.441241 0.777604 0.297926 0.1434 -0.8858 -0.4414
-0.686379 0.647964 0.344574 0.819672 0.266419 0.1434 -0.8858 -0.4414
-0.471101 0.760752 0.188165 0.890705 0.221578 0.3857 -0.7896 -0.4772
-0.237898 0.788008 0.331551 0.893681 0.274043 0.3857 -0.7896 -0.4772
-0.388875 0.647965 0.441241 0.862071 0.256891 0.3857 -0.7896 -0.4772
-0.101287 1.00004 -1.37777 0.461193 0.377899 0.0677 -0.9757 -0.2084
0.265511 1.00004 -1.25859 0.442453 0.439875 0.0677 -0.9757 -0.2084
9.2e-05 0.940447 -1.06576 0.401559 0.40045 0.0677 -0.9757 -0.2084
0.530931 1.1297 -1.06576 0.747394 1 0.548 -0.8098 -0.2097
0.265511 1.00004 -1.25859 0.726305 0.937221 0.548 -0.8098 -0.2097
0.451653 1.16103 -1.39383 0.763068 0.958307 0.548 -0.8098 -0.2097
-0.327985 1.00004 -1.06576 0.399189 0.339595 -0.1772 -0.9757 -0.1288
-0.101287 1.00004 -1.37777 0.461193 0.377899 -0.1772 -0.9757 -0.1288
9.2e-05 0.940447 -1.06576 0.401559 0.40045 -0.1772 -0.9757 -0.1288
-0.101287 1.00004 -0.753741 0.342128 0.377899 -0.1772 -0.9757 0.1288
-0.327985 1.00004 -1.06576 0.399189 0.339595 -0.1772 -0.9757 0.1288
9.2e-05 0.940447 -1.06576 0.401559 0.40045 -0.1772 -0.9757 0.1288
0.265511 1.00004 -0.872922 0.368867 0.439875 0.0677 -0.9757 0.2084
-0.101287 1.00004 -0.753741 0.342128 0.377899 0.0677 -0.9757 0.2084
9.2e-05 0.940447 -1.06576 0.401559 0.40045 0.0677 -0.9757 0.2084
0.593591 1.33949 -1.25859 0.793953 0.995213 0.8411 -0.4802 -0.2491
0.530931 1.1297 -1.06576 0.747394 1 0.8411 -0.4802 -0.2491
0.451653 1.16103 -1.39383 0.763068 0.958307 0.8411 -0.4802 -0.2491
9.2e-05 1.33949 -1.6898 0.801638 0.85634 0.023 -0.4802 -0.8769
0.164133 1.1297 -1.57062 0.759829 0.893634 0.023 -0.4802 -0.8769
-0.172385 1.16103 -1.5966 0.763068 0.833883 0.023 -0.4802 -0.8769
-0.593407 1.33949 -1.25859 0.439962 0.263867 -0.8268 -0.4802 -0.2928
-0.429366 1.1297 -1.37778 0.460242 0.31067 -0.8268 -0.4802 -0.2928
-0.558067 1.16103 -1.06576 0.39994 0.286073 -0.8268 -0.4802 -0.2928
-0.366711 1.33949 -0.560898 0.543082 0.194625 -0.534 -0.4802 0.6959
-0.429366 1.1297 -0.753739 0.505429 0.220145 -0.534 -0.4802 0.6959
-0.172385 1.16103 -0.534917 0.513089 0.157378 -0.534 -0.4802 0.6959
0.366895 1.33949 -0.560898 0.2287 0.29615 0.4968 -0.4802 0.7229
0.164133 1.1297 -0.560901 0.191373 0.310655 0.4968 -0.4802 0.7229
0.451653 1.16103 -0.737684 0.193294 0.259582 0.4968 -0.4802 0.7229
0.366895 1.33949 -1.57062 0.801638 0.929475 0.7936 -0.1943 -0.5766
0.593591 1.33949 -1.25859 0.793953 0.995213 0.7936 -0.1943 -0.5766
0.451653 1.16103 -1.39383 0.763068 0.958307 0.7936 -0.1943 -0.5766
-0.366711 1.33949 -1.57062 0.873226 0.611531 -0.3031 -0.1943 -0.9329
9.2e-05 1.33949 -1.6898 0.88113 0.670406 -0.3031 -0.1943 -0.9329
-0.172385 1.16103 -1.5966 0.844448 0.636716 -0.3031 -0.1943 -0.9329
-0.593407 1.33949 -0.872922 0.88113 0.476694 -0.9809 -0.1943 -0
-0.593407 1.33949 -1.25859 0.873226 0.537539 -0.9809 -0.1943 -0
-0.558067 1.16103 -1.06576 0.844448 0.510834 -0.9809 -0.1943 -0
9.2e-05 1.33949 -0.441717 0.549135 0.12184 -0.3031 -0.1943 0.9329
-0.366711 1.33949 -0.560898 0.543082 0.194625 -0.3031 -0.1943 0.9329
-0.172385 1.16103 -0.534917 0.513089 0.157378 -0.3031 -0.1943 0.9329
0.593591 1.33949 -0.872922 0.225481 0.224935 0.7936 -0.1943 0.5766
0.366895 1.33949 -0.560898 0.2287 0.29615 0.7936 -0.1943 0.5766
0.451653 1.16103 -0.737684 0.193294 0.259582 0.7936 -0.1943 0.5766
0.101471 1.67893 -1.37777 0.557518 0.402782 0.32 0.8098 -0.4918
0.429551 1.54927 -1.37778 0.564975 0.462995 0.32 0.8098 -0.4918
0.17257 1.51794 -1.5966 0.513129 0.424522 0.32 0.8098 -0.4918
-0.265327 1.67893 -1.25859 0.564034 0.32907 -0.3688 0.8098 -0.4563
-0.163949 1.54928 -1.57062 0.505429 0.360831 -0.3688 0.8098 -0.4563
-0.451469 1.51794 -1.39383 0.524214 0.299116 -0.3688 0.8098 -0.4563
-0.265327 1.67893 -0.872922 0.63412 0.311966 -0.548 0.8098 0.2097
-0.530748 1.54927 -1.06576 0.582032 0.270015 -0.548 0.8098 0.2097
-0.451469 1.51794 -0.737684 0.643454 0.270015 -0.548 0.8098 0.2097
0.101471 1.67893 -0.753741 0.670922 0.375105 0.0302 0.8098 0.586
-0.163949 1.54928 -0.560901 0.688921 0.31605 0.0302 0.8098 0.586
0.17257 1.51794 -0.534917 0.706065 0.377435 0.0302 0.8098 0.586
0.328169 1.67893 -1.06576 0.623579 0.431233 0.5666 0.8098 0.1524
0.429551 1.54927 -0.753739 0.678379 0.435319 0.5666 0.8098 0.1524
0.558251 1.51794 -1.06576 0.625519 0.472926 0.5666 0.8098 0.1524
9.2e-05 1.73852 -1.06576 0.612833 0.370486 0.1772 0.9757 0.1288
0.101471 1.67893 -0.753741 0.670922 0.375105 0.1772 0.9757 0.1288
0.328169 1.67893 -1.06576 0.623579 0.431233 0.1772 0.9757 0.1288
0.101471 1.67893 -0.753741 0.670922 0.375105 0.3551 0.8985 0.258
0.429551 1.54927 -0.753739 0.678379 0.435319 0.3551 0.8985 0.258
0.328169 1.67893 -1.06576 0.623579 0.431233 0.3551 0.8985 0.258
0.101471 1.67893 -0.753741 0.670922 0.375105 0.32 0.8098 0.4918
0.17257 1.51794 -0.534917 0.706065 0.377435 0.32 0.8098 0.4918
0.429551 1.54927 -0.753739 0.678379 0.435319 0.32 0.8098 0.4918
9.2e-05 1.73852 -1.06576 0.612833 0.370486 -0.0677 0.9757 0.2084
-0.265327 1.67893 -0.872922 0.63412 0.311966 -0.0677 0.9757 0.2084
0.101471 1.67893 -0.753741 0.670922 0.375105 -0.0677 0.9757 0.2084
-0.265327 1.67893 -0.872922 0.63412 0.311966 -0.1356 0.8985 0.4174
-0.163949 1.54928 -0.560901 0.688921 0.31605 -0.1356 0.8985 0.4174
0.101471 1.67893 -0.753741 0.670922 0.375105 -0.1356 0.8985 0.4174
-0.265327 1.67893 -0.872922 0.63412 0.311966 -0.3688 0.8098 0.4563
-0.451469 1.51794 -0.737684 0.643454 0.270015 -0.3688 0.8098 0.4563
-0.163949 1.54928 -0.560901 0.688921 0.31605 -0.3688 0.8098 0.4563
9.2e-05 1.73852 -1.06576 0.612833 0.370486 -0.2191 0.9757 -0
-0.265327 1.67893 -1.25859 0.564034 0.32907 -0.2191 0.9757 -0
-0.265327 1.67893 -0.872922 0.63412 0.311966 -0.2191 0.9757 -0
-0.265327 1.67893 -1.25859 0.564034 0.32907 -0.4389 0.8985 -0
-0.530748 1.54927 -1.06576 0.582032 0.270015 -0.4389 0.8985 -0
-0.265327 1.67893 -0.872922 0.63412 0.311966 -0.4389 0.8985 -0
-0.265327 1.67893 -1.25859 0.564034 0.32907 -0.548 0.8098 -0.2097
-0.451469 1.51794 -1.39383 0.524214 0.299116 -0.548 0.8098 -0.2097
-0.530748 1.54927 -1.06576 0.582032 0.270015 -0.548 0.8098 -0.2097
9.2e-05 1.73852 -1.06576 0.612833 0.370486 -0.0677 0.9757 -0.2084
0.101471 1.67893 -1.37777 0.557518 0.402782 -0.0677 0.9757 -0.2084
-0.265327 1.67893 -1.25859 0.564034 0.32907 -0.0677 0.9757 -0.2084
0.101471 1.67893 -1.37777 0.557518 0.402782 -0.1356 0.8985 -0.4174
-0.163949 1.54928 -1.57062 0.505429 0.360831 -0.1356 0.8985 -0.4174
-0.265327 1.67893 -1.25859 0.564034 0.32907 -0.1356 0.8985 -0.4174
0.101471 1.67893 -1.37777 0.557518 0.402782 0.0302 0.8098 -0.586
0.17257 1.51794 -1.5966 0.513129 0.424522 0.0302 0.8098 -0.586
-0.163949 1.54928 -1.57062 0.505429 0.360831 0.0302 0.8098 -0.586
9.2e-05 1.73852 -1.06576 0.612833 0.370486 0.1772 0.9757 -0.1288
0.328169 1.67893 -1.06576 0.623579 0.431233 0.1772 0.9757 -0.1288
0.101471 1.67893 -1.37777 0.557518 0.402782 0.1772 0.9757 -0.1288
0.328169 1.67893 -1.06576 0.623579 0.431233 0.3551 0.8985 -0.258
0.429551 1.54927 -1.37778 0.564975 0.462995 0.3551 0.8985 -0.258
0.101471 1.67893 -1.37777 0.557518 0.402782 0.3551 0.8985 -0.258
0.328169 1.67893 -1.06576 0.623579 0.431233 0.5666 0.8098 -0.1524
0.558251 1.51794 -1.06576 0.625519 0.472926 0.5666 0.8098 -0.1524
0.429551 1.54927 -1.37778 0.564975 0.462995 0.5666 0.8098 -0.1524
0.558251 1.51794 -1.06576 0.260185 0.191701 0.8268 0.4802 0.2928
0.429551 1.54927 -0.753739 0.268018 0.25625 0.8268 0.4802 0.2928
0.593591 1.33949 -0.872922 0.225481 0.224935 0.8268 0.4802 0.2928
0.429551 1.54927 -0.753739 0.268018 0.25625 0.7752 0.2862 0.5632
0.366895 1.33949 -0.560898 0.2287 0.29615 0.7752 0.2862 0.5632
0.593591 1.33949 -0.872922 0.225481 0.224935 0.7752 0.2862 0.5632
0.429551 1.54927 -0.753739 0.268018 0.25625 0.534 0.4802 0.6959
0.17257 1.51794 -0.534917 0.265662 0.312859 0.534 0.4802 0.6959
0.366895 1.33949 -0.560898 0.2287 0.29615 0.534 0.4802 0.6959
0.17257 1.51794 -0.534917 0.588668 0.103008 -0.023 0.4802 0.8769
-0.163949 1.54928 -0.560901 0.587506 0.162667 -0.023 0.4802 0.8769
9.2e-05 1.33949 -0.441717 0.549135 0.12184 -0.023 0.4802 0.8769
-0.163949 1.54928 -0.560901 0.587506 0.162667 -0.2961 0.2862 0.9113
-0.366711 1.33949 -0.560898 0.543082 0.194625 -0.2961 0.2862 0.9113
9.2e-05 1.33949 -0.441717 0.549135 0.12184 -0.2961 0.2862 0.9113
-0.163949 1.54928 -0.560901 0.587506 0.162667 -0.4968 0.4802 0.7229
-0.451469 1.51794 -0.737684 0.578369 0.226836 -0.4968 0.4802 0.7229
-0.366711 1.33949 -0.560898 0.543082 0.194625 -0.4968 0.4802 0.7229
-0.451469 1.51794 -0.737684 0.578369 0.226836 -0.8411 0.4802 0.2491
-0.530748 1.54927 -1.06576 0.588668 0.270015 -0.8411 0.4802 0.2491
-0.593407 1.33949 -0.872922 0.5438 0.260971 -0.8411 0.4802 0.2491
-0.530748 1.54927 -1.06576 0.918593 0.51413 -0.9582 0.2862 -0
-0.593407 1.33949 -1.25859 0.873226 0.537539 -0.9582 0.2862 -0
-0.593407 1.33949 -0.872922 0.88113 0.476694 -0.9582 0.2862 -0
-0.530748 1.54927 -1.06576 0.918593 0.51413 -0.8411 0.4802 -0.2491
-0.451469 1.51794 -1.39383 0.908185 0.574524 -0.8411 0.4802 -0.2491
-0.593407 1.33949 -1.25859 0.873226 0.537539 -0.8411 0.4802 -0.2491
-0.451469 1.51794 -1.39383 0.908185 0.574524 -0.4968 0.4802 -0.7229
-0.163949 1.54928 -1.57062 0.918593 0.63385 -0.4968 0.4802 -0.7229
-0.366711 1.33949 -1.57062 0.873226 0.611531 -0.4968 0.4802 -0.7229
-0.163949 1.54928 -1.57062 0.918593 0.63385 -0.2961 0.2862 -0.9113
9.2e-05 1.33949 -1.6898 0.88113 0.670406 -0.2961 0.2862 -0.9113
-0.366711 1.33949 -1.57062 0.873226 0.611531 -0.2961 0.2862 -0.9113
-0.163949 1.54928 -1.57062 0.835762 0.839584 -0.023 0.4802 -0.8769
0.17257 1.51794 -1.5966 0.834199 0.894858 -0.023 0.4802 -0.8769
9.2e-05 1.33949 -1.6898 0.801638 0.85634 -0.023 0.4802 -0.8769
0.17257 1.51794 -1.5966 0.834199 0.894858 0.534 0.4802 -0.6959
0.429551 1.54927 -1.37778 0.835762 0.957919 0.534 0.4802 -0.6959
0.366895 1.33949 -1.57062 0.801638 0.929475 0.534 0.4802 -0.6959
0.429551 1.54927 -1.37778 0.835762 0.957919 0.7752 0.2862 -0.5632
0.593591 1.33949 -1.25859 0.793953 0.995213 0.7752 0.2862 -0.5632
0.366895 1.33949 -1.57062 0.801638 0.929475 0.7752 0.2862 -0.5632
0.429551 1.54927 -1.37778 0.268018 0.143948 0.8268 0.4802 -0.2928
0.558251 1.51794 -1.06576 0.260185 0.191701 0.8268 0.4802 -0.2928
0.593591 1.33949 -1.25859 0.225481 0.155529 0.8268 0.4802 -0.2928
0.17257 1.51794 -0.534917 0.588668 0.103008 0.3031 0.1943 0.9329
9.2e-05 1.33949 -0.441717 0.549135 0.12184 0.3031 0.1943 0.9329
0.366895 1.33949 -0.560898 0.559647 0.070419 0.3031 0.1943 0.9329
9.2e-05 1.33949 -0.441717 0.549135 0.12184 0.2961 -0.2862 0.9113
0.164133 1.1297 -0.560901 0.515224 0.102378 0.2961 -0.2862 0.9113
0.366895 1.33949 -0.560898 0.559647 0.070419 0.2961 -0.2862 0.9113
9.2e-05 1.33949 -0.441717 0.549135 0.12184 0.023 -0.4802 0.8769
-0.172385 1.16103 -0.534917 0.513089 0.157378 0.023 -0.4802 0.8769
0.164133 1.1297 -0.560901 0.515224 0.102378 0.023 -0.4802 0.8769
-0.451469 1.51794 -0.737684 0.578369 0.226836 -0.7936 0.1943 0.5766
-0.593407 1.33949 -0.872922 0.5438 0.260971 -0.7936 0.1943 0.5766
-0.366711 1.33949 -0.560898 0.543082 0.194625 -0.7936 0.1943 0.5766
-0.593407 1.33949 -0.872922 0.5438 0.260971 -0.7752 -0.2862 0.5632
-0.429366 1.1297 -0.753739 0.505429 0.220145 -0.7752 -0.2862 0.5632
-0.366711 1.33949 -0.560898 0.543082 0.194625 -0.7752 -0.2862 0.5632
-0.593407 1.33949 -0.872922 0.366376 0.263867 -0.8268 -0.4802 0.2928
-0.558067 1.16103 -1.06576 0.39994 0.286073 -0.8268 -0.4802 0.2928
-0.429366 1.1297 -0.753739 0.341176 0.31067 -0.8268 -0.4802 0.2928
-0.451469 1.51794 -1.39383 0.908185 0.574524 -0.7936 0.1943 -0.5766
-0.366711 1.33949 -1.57062 0.873226 0.611531 -0.7936 0.1943 -0.5766
-0.593407 1.33949 -1.25859 0.873226 0.537539 -0.7936 0.1943 -0.5766
-0.366711 1.33949 -1.57062 0.873226 0.611531 -0.7752 -0.2862 -0.5632
-0.429366 1.1297 -1.37778 0.835762 0.574094 -0.7752 -0.2862 -0.5632
-0.593407 1.33949 -1.25859 0.873226 0.537539 -0.7752 -0.2862 -0.5632
-0.366711 1.33949 -1.57062 0.501967 0.302171 -0.534 -0.4802 -0.6959
-0.172385 1.16103 -1.5966 0.505429 0.35124 -0.534 -0.4802 -0.6959
-0.429366 1.1297 -1.37778 0.460242 0.31067 -0.534 -0.4802 -0.6959
0.17257 1.51794 -1.5966 0.834199 0.894858 0.3031 0.1943 -0.9329
0.366895 1.33949 -1.57062 0.801638 0.929475 0.3031 0.1943 -0.9329
9.2e-05 1.33949 -1.6898 0.801638 0.85634 0.3031 0.1943 -0.9329
0.366895 1.33949 -1.57062 0.801638 0.929475 0.2961 -0.2862 -0.9113
0.164133 1.1297 -1.57062 0.759829 0.893634 0.2961 -0.2862 -0.9113
9.2e-05 1.33949 -1.6898 0.801638 0.85634 0.2961 -0.2862 -0.9113
0.366895 1.33949 -1.57062 0.801638 0.929475 0.4968 -0.4802 -0.7229
0.451653 1.16103 -1.39383 0.763068 0.958307 0.4968 -0.4802 -0.7229
0.164133 1.1297 -1.57062 0.759829 0.893634 0.4968 -0.4802 -0.7229
0.558251 1.51794 -1.06576 0.260185 0.191701 0.981 0.1943 -0
0.593591 1.33949 -0.872922 0.225481 0.224935 0.981 0.1943 -0
0.593591 1.33949 -1.25859 0.225481 0.155529 0.981 0.1943 -0
0.593591 1.33949 -0.872922 0.225481 0.224935 0.9582 -0.2862 -0
0.530931 1.1297 -1.06576 0.186164 0.195428 0.9582 -0.2862 -0
0.593591 1.33949 -1.25859 0.225481 0.155529 0.9582 -0.2862 -0
0.593591 1.33949 -0.872922 0.225481 0.224935 0.8411 -0.4802 0.2491
0.451653 1.16103 -0.737684 0.193294 0.259582 0.8411 -0.4802 0.2491
0.530931 1.1297 -1.06576 0.186164 0.195428 0.8411 -0.4802 0.2491
0.451653 1.16103 -0.737684 0.348353 0.456681 0.3688 -0.8098 0.4563
0.164133 1.1297 -0.560901 0.310854 0.41095 0.3688 -0.8098 0.4563
0.265511 1.00004 -0.872922 0.368867 0.439875 0.3688 -0.8098 0.4563
0.164133 1.1297 -0.560901 0.310854 0.41095 0.1356 -0.8985 0.4174
-0.101287 1.00004 -0.753741 0.342128 0.377899 0.1356 -0.8985 0.4174
0.265511 1.00004 -0.872922 0.368867 0.439875 0.1356 -0.8985 0.4174
0.164133 1.1297 -0.560901 0.310854 0.41095 -0.0301 -0.8098 0.586
-0.172385 1.16103 -0.534917 0.302861 0.35124 -0.0301 -0.8098 0.586
-0.101287 1.00004 -0.753741 0.342128 0.377899 -0.0301 -0.8098 0.586
-0.172385 1.16103 -0.534917 0.302861 0.35124 -0.32 -0.8098 0.4918
-0.429366 1.1297 -0.753739 0.341176 0.31067 -0.32 -0.8098 0.4918
-0.101287 1.00004 -0.753741 0.342128 0.377899 -0.32 -0.8098 0.4918
-0.429366 1.1297 -0.753739 0.341176 0.31067 -0.3551 -0.8985 0.258
-0.327985 1.00004 -1.06576 0.399189 0.339595 -0.3551 -0.8985 0.258
-0.101287 1.00004 -0.753741 0.342128 0.377899 -0.3551 -0.8985 0.258
-0.429366 1.1297 -0.753739 0.341176 0.31067 -0.5666 -0.8098 0.1524
-0.558067 1.16103 -1.06576 0.39994 0.286073 -0.5666 -0.8098 0.1524
-0.327985 1.00004 -1.06576 0.399189 0.339595 -0.5666 -0.8098 0.1524
-0.558067 1.16103 -1.06576 0.39994 0.286073 -0.5666 -0.8098 -0.1524
-0.429366 1.1297 -1.37778 0.460242 0.31067 -0.5666 -0.8098 -0.1524
-0.327985 1.00004 -1.06576 0.399189 0.339595 -0.5666 -0.8098 -0.1524
-0.429366 1.1297 -1.37778 0.460242 0.31067 -0.3551 -0.8985 -0.258
-0.101287 1.00004 -1.37777 0.461193 0.377899 -0.3551 -0.8985 -0.258
-0.327985 1.00004 -1.06576 0.399189 0.339595 -0.3551 -0.8985 -0.258
-0.429366 1.1297 -1.37778 0.460242 0.31067 -0.32 -0.8098 -0.4918
-0.172385 1.16103 -1.5966 0.505429 0.35124 -0.32 -0.8098 -0.4918
-0.101287 1.00004 -1.37777 0.461193 0.377899 -0.32 -0.8098 -0.4918
0.451653 1.16103 -0.737684 0.193294 0.259582 0.548 -0.8098 0.2097
0.265511 1.00004 -0.872922 0.165084 0.248406 0.548 -0.8098 0.2097
0.530931 1.1297 -1.06576 0.186164 0.195428 0.548 -0.8098 0.2097
0.265511 1.00004 -0.872922 0.368867 0.439875 0.4389 -0.8985 -0
0.265511 1.00004 -1.25859 0.442453 0.439875 0.4389 -0.8985 -0
0.530931 1.1297 -1.06576 0.41118 0.472926 0.4389 -0.8985 -0
0.265511 1.00004 -0.872922 0.368867 0.439875 0.2191 -0.9757 -0
9.2e-05 0.940447 -1.06576 0.401559 0.40045 0.2191 -0.9757 -0
0.265511 1.00004 -1.25859 0.442453 0.439875 0.2191 -0.9757 -0
-0.172385 1.16103 -1.5966 0.505429 0.35124 -0.0301 -0.8098 -0.586
0.164133 1.1297 -1.57062 0.503506 0.41095 -0.0301 -0.8098 -0.586
-0.101287 1.00004 -1.37777 0.461193 0.377899 -0.0301 -0.8098 -0.586
0.164133 1.1297 -1.57062 0.503506 0.41095 0.1356 -0.8985 -0.4174
0.265511 1.00004 -1.25859 0.442453 0.439875 0.1356 -0.8985 -0.4174
-0.101287 1.00004 -1.37777 0.461193 0.377899 0.1356 -0.8985 -0.4174
0.164133 1.1297 -1.57062 0.759829 0.893634 0.3688 -0.8098 -0.4563
0.451653 1.16103 -1.39383 0.763068 0.958307 0.3688 -0.8098 -0.4563
0.265511 1.00004 -1.25859 0.726305 0.937221 0.3688 -0.8098 -0.4563
0.182267 1.60165 -0.252958 0.82138 0.430853 0.0722 -0.9723 -0.2221
0.484233 1.60165 -0.154842 0.778672 0.46282 0.0722 -0.9723 -0.2221
0.265727 1.54916 0.00391 0.770577 0.416965 0.0722 -0.9723 -0.2221
0.702739 1.71584 0.00391 0.416163 0.263867 0.5722 -0.7904 -0.219
0.484233 1.60165 -0.154842 0.39739 0.212146 0.5722 -0.7904 -0.219
0.637474 1.74344 -0.266176 0.429407 0.229553 0.5722 -0.7904 -0.219
-0.004361 1.60165 0.00391 0.79898 0.375247 -0.189 -0.9723 -0.1373
0.182267 1.60165 -0.252958 0.82138 0.430853 -0.189 -0.9723 -0.1373
0.265727 1.54916 0.00391 0.770577 0.416965 -0.189 -0.9723 -0.1373
0.182267 1.60165 0.260777 0.742427 0.372848 -0.189 -0.9723 0.1373
-0.004361 1.60165 0.00391 0.79898 0.375247 -0.189 -0.9723 0.1373
0.265727 1.54916 0.00391 0.770577 0.416965 -0.189 -0.9723 0.1373
0.484233 1.60165 0.162661 0.729877 0.426971 0.0722 -0.9723 0.2221
0.182267 1.60165 0.260777 0.742427 0.372848 0.0722 -0.9723 0.2221
0.265727 1.54916 0.00391 0.770577 0.416965 0.0722 -0.9723 0.2221
0.754324 1.90061 -0.154842 0.456774 0.259989 0.8536 -0.4555 -0.2528
0.702739 1.71584 0.00391 0.416163 0.263867 0.8536 -0.4555 -0.2528
0.637474 1.74344 -0.266176 0.429407 0.229553 0.8536 -0.4555 -0.2528
0.265727 1.90061 -0.50983 0.463101 0.145662 0.0233 -0.4555 -0.8899
0.400774 1.71584 -0.411712 0.4264 0.176302 0.0233 -0.4555 -0.8899
0.123736 1.74344 -0.433103 0.429407 0.127121 0.0233 -0.4555 -0.8899
-0.222869 1.90061 -0.154842 0.864389 0.343699 -0.8392 -0.4555 -0.2972
-0.087823 1.71584 -0.252959 0.854121 0.385353 -0.8392 -0.4555 -0.2972
-0.193775 1.74344 0.00391 0.826279 0.339556 -0.8392 -0.4555 -0.2972
-0.036242 1.90061 0.419534 0.65294 0.166987 -0.542 -0.4555 0.7062
-0.087823 1.71584 0.260778 0.684384 0.143435 -0.542 -0.4555 0.7062
0.123736 1.74344 0.440922 0.682039 0.195459 -0.542 -0.4555 0.7062
0.567697 1.90061 0.419534 0.920502 0.459221 0.5042 -0.4555 0.7337
0.400774 1.71584 0.419532 0.88746 0.471222 0.5042 -0.4555 0.7337
0.637474 1.74344 0.273996 0.889387 0.429168 0.5042 -0.4555 0.7337
0.567697 1.90061 -0.411715 0.463101 0.20587 0.7955 -0.182 -0.578
0.754324 1.90061 -0.154842 0.456774 0.259989 0.7955 -0.182 -0.578
0.637474 1.74344 -0.266176 0.429407 0.229553 0.7955 -0.182 -0.578
-0.036242 1.90061 -0.411715 0.920382 0.951531 -0.3039 -0.182 -0.9352
0.265727 1.90061 -0.50983 0.926889 1 -0.3039 -0.182 -0.9352
0.123736 1.74344 -0.433103 0.894751 0.972257 -0.3039 -0.182 -0.9352
-0.222869 1.90061 0.162662 0.926889 0.840527 -0.9833 -0.182 -0
-0.222869 1.90061 -0.154842 0.920382 0.890617 -0.9833 -0.182 -0
-0.193775 1.74344 0.00391 0.894751 0.868624 -0.9833 -0.182 -0
0.265727 1.90061 0.51765 0.65294 0.227113 -0.3039 -0.182 0.9352
-0.036242 1.90061 0.419534 0.65294 0.166987 -0.3039 -0.182 0.9352
0.123736 1.74344 0.440922 0.682039 0.195459 -0.3039 -0.182 0.9352
0.754324 1.90061 0.162662 0.917852 0.400594 0.7955 -0.182 0.578
0.567697 1.90061 0.419534 0.920502 0.459221 0.7955 -0.182 0.578
0.637474 1.74344 0.273996 0.889387 0.429168 0.7955 -0.182 0.578
0.349187 2.19958 -0.252958 0.043223 0.394824 0.3342 0.7904 -0.5135
0.619278 2.08538 -0.252959 0.048998 0.444339 0.3342 0.7904 -0.5135
0.407719 2.05779 -0.433103 0.00624 0.41264 0.3342 0.7904 -0.5135
0.047222 2.19958 -0.154842 0.048603 0.334143 -0.3851 0.7904 -0.4765
0.130681 2.08539 -0.411712 0 0.36022 -0.3851 0.7904 -0.4765
-0.106019 2.05779 -0.266176 0.015394 0.309403 -0.3851 0.7904 -0.4765
0.047222 2.19958 0.162661 0.106306 0.320077 -0.5722 0.7904 0.219
-0.171285 2.08538 0.00391 0.063083 0.285473 -0.5722 0.7904 0.219
-0.106019 2.05779 0.273996 0.113564 0.285473 -0.5722 0.7904 0.219
0.349187 2.19958 0.260777 0.588668 0.22013 0.0315 0.7904 0.6118
0.130681 2.08539 0.419532 0.616379 0.196282 0.0315 0.7904 0.6118
0.407719 2.05779 0.440922 0.619839 0.245298 0.0315 0.7904 0.6118
0.535816 2.19958 0.00391 0.097601 0.418262 0.5916 0.7904 0.1591
0.619278 2.08538 0.260778 0.142364 0.42158 0.5916 0.7904 0.1591
0.72523 2.05779 0.00391 0.098754 0.452515 0.5916 0.7904 0.1591
0.265727 2.25207 0.00391 0.088928 0.368275 0.189 0.9723 0.1373
0.349187 2.19958 0.260777 0.136588 0.372065 0.189 0.9723 0.1373
0.535816 2.19958 0.00391 0.097601 0.418262 0.189 0.9723 0.1373
0.349187 2.19958 0.260777 0.136588 0.372065 0.3747 0.8863 0.2722
0.619278 2.08538 0.260778 0.142364 0.42158 0.3747 0.8863 0.2722
0.535816 2.19958 0.00391 0.097601 0.418262 0.3747 0.8863 0.2722
0.349187 2.19958 0.260777 0.136588 0.372065 0.3342 0.7904 0.5135
0.407719 2.05779 0.440922 0.165084 0.37392 0.3342 0.7904 0.5135
0.619278 2.08538 0.260778 0.142364 0.42158 0.3342 0.7904 0.5135
0.265727 2.25207 0.00391 0.088928 0.368275 -0.0722 0.9723 0.2221
0.047222 2.19958 0.162661 0.106306 0.320077 -0.0722 0.9723 0.2221
0.349187 2.19958 0.260777 0.136588 0.372065 -0.0722 0.9723 0.2221
0.047222 2.19958 0.162661 0.106306 0.320077 -0.1431 0.8863 0.4405
0.130681 2.08539 0.419532 0.151069 0.323395 -0.1431 0.8863 0.4405
0.349187 2.19958 0.260777 0.136588 0.372065 -0.1431 0.8863 0.4405
0.047222 2.19958 0.162661 0.588668 0.160005 -0.3851 0.7904 0.4765
-0.106019 2.05779 0.273996 0.619839 0.143006 -0.3851 0.7904 0.4765
0.130681 2.08539 0.419532 0.616379 0.196282 -0.3851 0.7904 0.4765
0.265727 2.25207 0.00391 0.088928 0.368275 -0.2336 0.9723 -0
0.047222 2.19958 -0.154842 0.048603 0.334143 -0.2336 0.9723 -0
0.047222 2.19958 0.162661 0.106306 0.320077 -0.2336 0.9723 -0
0.047222 2.19958 -0.154842 0.048603 0.334143 -0.4632 0.8863 -0
-0.171285 2.08538 0.00391 0.063083 0.285473 -0.4632 0.8863 -0
0.047222 2.19958 0.162661 0.106306 0.320077 -0.4632 0.8863 -0
0.047222 2.19958 -0.154842 0.048603 0.334143 -0.5722 0.7904 -0.219
-0.106019 2.05779 -0.266176 0.015394 0.309403 -0.5722 0.7904 -0.219
-0.171285 2.08538 0.00391 0.063083 0.285473 -0.5722 0.7904 -0.219
0.265727 2.25207 0.00391 0.088928 0.368275 -0.0722 0.9723 -0.2221
0.349187 2.19958 -0.252958 0.043223 0.394824 -0.0722 0.9723 -0.2221
0.047222 2.19958 -0.154842 0.048603 0.334143 -0.0722 0.9723 -0.2221
0.349187 2.19958 -0.252958 0.043223 0.394824 -0.1431 0.8863 -0.4405
0.130681 2.08539 -0.411712 0 0.36022 -0.1431 0.8863 -0.4405
0.047222 2.19958 -0.154842 0.048603 0.334143 -0.1431 0.8863 -0.4405
0.349187 2.19958 -0.252958 0.043223 0.394824 0.0315 0.7904 -0.6118
0.407719 2.05779 -0.433103 0.00624 0.41264 0.0315 0.7904 -0.6118
0.130681 2.08539 -0.411712 0 0.36022 0.0315 0.7904 -0.6118
0.265727 2.25207 0.00391 0.088928 0.368275 0.189 0.9723 -0.1373
0.535816 2.19958 0.00391 0.097601 0.418262 0.189 0.9723 -0.1373
0.349187 2.19958 -0.252958 0.043223 0.394824 0.189 0.9723 -0.1373
0.535816 2.19958 0.00391 0.097601 0.418262 0.3747 0.8863 -0.2722
0.619278 2.08538 -0.252959 0.048998 0.444339 0.3747 0.8863 -0.2722
0.349187 2.19958 -0.252958 0.043223 0.394824 0.3747 0.8863 -0.2722
0.535816 2.19958 0.00391 0.097601 0.418262 0.5916 0.7904 -0.1591
0.72523 2.05779 0.00391 0.098754 0.452515 0.5916 0.7904 -0.1591
0.619278 2.08538 -0.252959 0.048998 0.444339 0.5916 0.7904 -0.1591
0.72523 2.05779 0.00391 0.948388 0.373184 0.8392 0.4555 0.2972
0.619278 2.08538 0.260778 0.955182 0.426315 0.8392 0.4555 0.2972
0.754324 1.90061 0.162662 0.917852 0.400594 0.8392 0.4555 0.2972
0.619278 2.08538 0.260778 0.955182 0.426315 0.7792 0.2689 0.5661
0.567697 1.90061 0.419534 0.920502 0.459221 0.7792 0.2689 0.5661
0.754324 1.90061 0.162662 0.917852 0.400594 0.7792 0.2689 0.5661
0.619278 2.08538 0.260778 0.955182 0.426315 0.542 0.4555 0.7062
0.407719 2.05779 0.440922 0.952897 0.472926 0.542 0.4555 0.7062
0.567697 1.90061 0.419534 0.920502 0.459221 0.542 0.4555 0.7062
0.407719 2.05779 0.440922 0.619839 0.245298 -0.0233 0.4555 0.8899
0.130681 2.08539 0.419532 0.616379 0.196282 -0.0233 0.4555 0.8899
0.265727 1.90061 0.51765 0.65294 0.227113 -0.0233 0.4555 0.8899
0.130681 2.08539 0.419532 0.616379 0.196282 -0.2976 0.2689 0.916
-0.036242 1.90061 0.419534 0.65294 0.166987 -0.2976 0.2689 0.916
0.265727 1.90061 0.51765 0.65294 0.227113 -0.2976 0.2689 0.916
0.130681 2.08539 0.419532 0.616379 0.196282 -0.5042 0.4555 0.7337
-0.106019 2.05779 0.273996 0.619839 0.143006 -0.5042 0.4555 0.7337
-0.036242 1.90061 0.419534 0.65294 0.166987 -0.5042 0.4555 0.7337
-0.106019 2.05779 0.273996 0.619839 0.143006 -0.8536 0.4555 0.2528
-0.171285 2.08538 0.00391 0.608101 0.10829 -0.8536 0.4555 0.2528
-0.222869 1.90061 0.162662 0.647823 0.112604 -0.8536 0.4555 0.2528
-0.171285 2.08538 0.00391 0.960011 0.871356 -0.9632 0.2689 -0
-0.222869 1.90061 -0.154842 0.920382 0.890617 -0.9632 0.2689 -0
-0.222869 1.90061 0.162662 0.926889 0.840527 -0.9632 0.2689 -0
-0.171285 2.08538 0.00391 0.960011 0.871356 -0.8536 0.4555 -0.2528
-0.106019 2.05779 -0.266176 0.951101 0.921074 -0.8536 0.4555 -0.2528
-0.222869 1.90061 -0.154842 0.920382 0.890617 -0.8536 0.4555 -0.2528
-0.106019 2.05779 -0.266176 0.951101 0.921074 -0.5042 0.4555 -0.7337
0.130681 2.08539 -0.411712 0.960011 0.969915 -0.5042 0.4555 -0.7337
-0.036242 1.90061 -0.411715 0.920382 0.951531 -0.5042 0.4555 -0.7337
0.130681 2.08539 -0.411712 0.960011 0.969915 -0.2976 0.2689 -0.916
0.265727 1.90061 -0.50983 0.926889 1 -0.2976 0.2689 -0.916
-0.036242 1.90061 -0.411715 0.920382 0.951531 -0.2976 0.2689 -0.916
0.130681 2.08539 -0.411712 0.493476 0.131931 -0.0233 0.4555 -0.8899
0.407719 2.05779 -0.433103 0.491847 0.177426 -0.0233 0.4555 -0.8899
0.265727 1.90061 -0.50983 0.463101 0.145662 -0.0233 0.4555 -0.8899
0.407719 2.05779 -0.433103 0.491847 0.177426 0.542 0.4555 -0.7062
0.619278 2.08538 -0.252959 0.493476 0.22935 0.542 0.4555 -0.7062
0.567697 1.90061 -0.411715 0.463101 0.20587 0.542 0.4555 -0.7062
0.619278 2.08538 -0.252959 0.493476 0.22935 0.7792 0.2689 -0.5661
0.754324 1.90061 -0.154842 0.456774 0.259989 0.7792 0.2689 -0.5661
0.567697 1.90061 -0.411715 0.463101 0.20587 0.7792 0.2689 -0.5661
0.619278 2.08538 -0.252959 0.955182 0.333862 0.8392 0.4555 -0.2972
0.72523 2.05779 0.00391 0.948388 0.373184 0.8392 0.4555 -0.2972
0.754324 1.90061 -0.154842 0.917852 0.343455 0.8392 0.4555 -0.2972
0.407719 2.05779 0.440922 0.619839 0.245298 0.3039 0.182 0.9352
0.265727 1.90061 0.51765 0.65294 0.227113 0.3039 0.182 0.9352
0.567697 1.90061 0.419534 0.647823 0.270015 0.3039 0.182 0.9352
0.265727 1.90061 0.51765 0.65294 0.227113 0.2976 -0.2689 0.916
0.400774 1.71584 0.419532 0.684384 0.24072 0.2976 -0.2689 0.916
0.567697 1.90061 0.419534 0.647823 0.270015 0.2976 -0.2689 0.916
0.265727 1.90061 0.51765 0.65294 0.227113 0.0233 -0.4555 0.8899
0.123736 1.74344 0.440922 0.682039 0.195459 0.0233 -0.4555 0.8899
0.400774 1.71584 0.419532 0.684384 0.24072 0.0233 -0.4555 0.8899
-0.106019 2.05779 0.273996 0.619839 0.143006 -0.7955 0.182 0.578
-0.222869 1.90061 0.162662 0.647823 0.112604 -0.7955 0.182 0.578
-0.036242 1.90061 0.419534 0.65294 0.166987 -0.7955 0.182 0.578
-0.222869 1.90061 0.162662 0.647823 0.112604 -0.7792 -0.2689 0.5661
-0.087823 1.71584 0.260778 0.684384 0.143435 -0.7792 -0.2689 0.5661
-0.036242 1.90061 0.419534 0.65294 0.166987 -0.7792 -0.2689 0.5661
-0.222869 1.90061 0.162662 0.815594 0.30785 -0.8392 -0.4555 0.2972
-0.193775 1.74344 0.00391 0.826279 0.339556 -0.8392 -0.4555 0.2972
-0.087823 1.71584 0.260778 0.775168 0.327348 -0.8392 -0.4555 0.2972
-0.106019 2.05779 -0.266176 0.951101 0.921074 -0.7955 0.182 -0.578
-0.036242 1.90061 -0.411715 0.920382 0.951531 -0.7955 0.182 -0.578
-0.222869 1.90061 -0.154842 0.920382 0.890617 -0.7955 0.182 -0.578
-0.036242 1.90061 -0.411715 0.920382 0.951531 -0.7792 -0.2689 -0.5661
-0.087823 1.71584 -0.252959 0.88726 0.920702 -0.7792 -0.2689 -0.5661
-0.222869 1.90061 -0.154842 0.920382 0.890617 -0.7792 -0.2689 -0.5661
-0.036242 1.90061 -0.411715 0.920382 0.951531 -0.542 -0.4555 -0.7062
0.123736 1.74344 -0.433103 0.894751 0.972257 -0.542 -0.4555 -0.7062
-0.087823 1.71584 -0.252959 0.88726 0.920702 -0.542 -0.4555 -0.7062
0.407719 2.05779 -0.433103 0.491847 0.177426 0.3039 0.182 -0.9352
0.567697 1.90061 -0.411715 0.463101 0.20587 0.3039 0.182 -0.9352
0.265727 1.90061 -0.50983 0.463101 0.145662 0.3039 0.182 -0.9352
0.567697 1.90061 -0.411715 0.463101 0.20587 0.2976 -0.2689 -0.916
0.400774 1.71584 -0.411712 0.4264 0.176302 0.2976 -0.2689 -0.916
0.265727 1.90061 -0.50983 0.463101 0.145662 0.2976 -0.2689 -0.916
0.567697 1.90061 -0.411715 0.463101 0.20587 0.5042 -0.4555 -0.7337
0.637474 1.74344 -0.266176 0.429407 0.229553 0.5042 -0.4555 -0.7337
0.400774 1.71584 -0.411712 0.4264 0.176302 0.5042 -0.4555 -0.7337
0.72523 2.05779 0.00391 0.948388 0.373184 0.9833 0.182 -0
0.754324 1.90061 0.162662 0.917852 0.400594 0.9833 0.182 -0
0.754324 1.90061 -0.154842 0.917852 0.343455 0.9833 0.182 -0
0.754324 1.90061 0.162662 0.917852 0.400594 0.9632 -0.2689 -0
0.702739 1.71584 0.00391 0.883172 0.376362 0.9632 -0.2689 -0
0.754324 1.90061 -0.154842 0.917852 0.343455 0.9632 -0.2689 -0
0.754324 1.90061 0.162662 0.917852 0.400594 0.8536 -0.4555 0.2528
0.637474 1.74344 0.273996 0.889387 0.429168 0.8536 -0.4555 0.2528
0.702739 1.71584 0.00391 0.883172 0.376362 0.8536 -0.4555 0.2528
0.637474 1.74344 0.273996 0.889387 0.429168 0.3851 -0.7904 0.4765
0.400774 1.71584 0.419532 0.88746 0.471222 0.3851 -0.7904 0.4765
0.484233 1.60165 0.162661 0.864389 0.420012 0.3851 -0.7904 0.4765
0.400774 1.71584 0.419532 0.706065 0.379072 0.1431 -0.8863 0.4405
0.182267 1.60165 0.260777 0.742427 0.372848 0.1431 -0.8863 0.4405
0.484233 1.60165 0.162661 0.729877 0.426971 0.1431 -0.8863 0.4405
0.400774 1.71584 0.419532 0.706065 0.379072 -0.0315 -0.7904 0.6118
0.123736 1.74344 0.440922 0.730066 0.335474 -0.0315 -0.7904 0.6118
0.182267 1.60165 0.260777 0.742427 0.372848 -0.0315 -0.7904 0.6118
0.123736 1.74344 0.440922 0.730066 0.335474 -0.3342 -0.7904 0.5135
-0.087823 1.71584 0.260778 0.775168 0.327348 -0.3342 -0.7904 0.5135
0.182267 1.60165 0.260777 0.742427 0.372848 -0.3342 -0.7904 0.5135
-0.087823 1.71584 0.260778 0.775168 0.327348 -0.3747 -0.8863 0.2722
-0.004361 1.60165 0.00391 0.79898 0.375247 -0.3747 -0.8863 0.2722
0.182267 1.60165 0.260777 0.742427 0.372848 -0.3747 -0.8863 0.2722
-0.087823 1.71584 0.260778 0.775168 0.327348 -0.5916 -0.7904 0.1591
-0.193775 1.74344 0.00391 0.826279 0.339556 -0.5916 -0.7904 0.1591
-0.004361 1.60165 0.00391 0.79898 0.375247 -0.5916 -0.7904 0.1591
-0.193775 1.74344 0.00391 0.826279 0.339556 -0.5916 -0.7904 -0.1591
-0.087823 1.71584 -0.252959 0.854121 0.385353 -0.5916 -0.7904 -0.1591
-0.004361 1.60165 0.00391 0.79898 0.375247 -0.5916 -0.7904 -0.1591
-0.087823 1.71584 -0.252959 0.854121 0.385353 -0.3747 -0.8863 -0.2722
0.182267 1.60165 -0.252958 0.82138 0.430853 -0.3747 -0.8863 -0.2722
-0.004361 1.60165 0.00391 0.79898 0.375247 -0.3747 -0.8863 -0.2722
-0.087823 1.71584 -0.252959 0.854121 0.385353 -0.3342 -0.7904 -0.5135
0.123736 1.74344 -0.433103 0.864389 0.434159 -0.3342 -0.7904 -0.5135
0.182267 1.60165 -0.252958 0.82138 0.430853 -0.3342 -0.7904 -0.5135
0.637474 1.74344 0.273996 0.889387 0.429168 0.5722 -0.7904 0.219
0.484233 1.60165 0.162661 0.864389 0.420012 0.5722 -0.7904 0.219
0.702739 1.71584 0.00391 0.883172 0.376362 0.5722 -0.7904 0.219
0.484233 1.60165 0.162661 0.729877 0.426971 0.4632 -0.8863 -0
0.484233 1.60165 -0.154842 0.778672 0.46282 0.4632 -0.8863 -0
0.702739 1.71584 0.00391 0.742309 0.469044 0.4632 -0.8863 -0
0.484233 1.60165 0.162661 0.729877 0.426971 0.2336 -0.9723 -0
0.265727 1.54916 0.00391 0.770577 0.416965 0.2336 -0.9723 -0
0.484233 1.60165 -0.154842 0.778672 0.46282 0.2336 -0.9723 -0
0.123736 1.74344 -0.433103 0.864389 0.434159 -0.0315 -0.7904 -0.6118
0.400774 1.71584 -0.411712 0.833813 0.472926 -0.0315 -0.7904 -0.6118
0.182267 1.60165 -0.252958 0.82138 0.430853 -0.0315 -0.7904 -0.6118
0.400774 1.71584 -0.411712 0.833813 0.472926 0.1431 -0.8863 -0.4405
0.484233 1.60165 -0.154842 0.778672 0.46282 0.1431 -0.8863 -0.4405
0.182267 1.60165 -0.252958 0.82138 0.430853 0.1431 -0.8863 -0.4405
0.400774 1.71584 -0.411712 0.4264 0.176302 0.3851 -0.7904 -0.4765
0.637474 1.74344 -0.266176 0.429407 0.229553 0.3851 -0.7904 -0.4765
0.484233 1.60165 -0.154842 0.39739 0.212146 0.3851 -0.7904 -0.4765
0.37851 1.05229 0.225833 0.262724 0.41681 0.0714 -0.973 -0.2196
0.634145 1.05229 0.308895 0.226528 0.443819 0.0714 -0.973 -0.2196
0.449165 1.00839 0.44329 0.219771 0.404957 0.0714 -0.973 -0.2196
0.819126 1.1478 0.44329 0.616974 0.599472 0.5678 -0.7939 -0.2174
0.634145 1.05229 0.308895 0.601302 0.555692 0.5678 -0.7939 -0.2174
0.763874 1.17088 0.214643 0.628133 0.570421 0.5678 -0.7939 -0.2174
0.220516 1.05229 0.44329 0.24383 0.369708 -0.1868 -0.973 -0.1357
0.37851 1.05229 0.225833 0.262724 0.41681 -0.1868 -0.973 -0.1357
0.449165 1.00839 0.44329 0.219771 0.404957 -0.1868 -0.973 -0.1357
0.37851 1.05229 0.660746 0.195957 0.367607 -0.1868 -0.973 0.1357
0.220516 1.05229 0.44329 0.24383 0.369708 -0.1868 -0.973 0.1357
0.449165 1.00839 0.44329 0.219771 0.404957 -0.1868 -0.973 0.1357
0.634145 1.05229 0.577684 0.185265 0.41341 0.0714 -0.973 0.2196
0.37851 1.05229 0.660746 0.195957 0.367607 0.0714 -0.973 0.2196
0.449165 1.00839 0.44329 0.219771 0.404957 0.0714 -0.973 0.2196
0.862796 1.30234 0.308895 0.650997 0.596179 0.8514 -0.4599 -0.2522
0.819126 1.1478 0.44329 0.616974 0.599472 0.8514 -0.4599 -0.2522
0.763874 1.17088 0.214643 0.628133 0.570421 0.8514 -0.4599 -0.2522
0.449165 1.30234 0.008373 0.656354 0.499393 0.0233 -0.4599 -0.8877
0.563491 1.1478 0.091437 0.62564 0.525342 0.0233 -0.4599 -0.8877
0.328959 1.17088 0.073328 0.628133 0.483706 0.0233 -0.4599 -0.8877
0.035534 1.30234 0.308895 0.299028 0.343268 -0.837 -0.4599 -0.2964
0.14986 1.1478 0.225832 0.290416 0.378403 -0.837 -0.4599 -0.2964
0.060164 1.17088 0.44329 0.266883 0.339615 -0.837 -0.4599 -0.2964
0.193527 1.30234 0.795144 0.759895 0.057969 -0.5406 -0.4599 0.7045
0.14986 1.1478 0.660747 0.786156 0.038039 -0.5406 -0.4599 0.7045
0.328959 1.17088 0.813251 0.784225 0.08208 -0.5406 -0.4599 0.7045
0.704802 1.30234 0.795144 0.72863 0.587862 0.5029 -0.4599 0.7318
0.563491 1.1478 0.795142 0.701019 0.598012 0.5029 -0.4599 0.7318
0.763874 1.17088 0.671936 0.702597 0.562412 0.5029 -0.4599 0.7318
0.704802 1.30234 0.091435 0.656354 0.550364 0.7952 -0.1842 -0.5777
0.862796 1.30234 0.308895 0.650997 0.596179 0.7952 -0.1842 -0.5777
0.763874 1.17088 0.214643 0.628133 0.570421 0.7952 -0.1842 -0.5777
0.193527 1.30234 0.091435 0.946277 0.629374 -0.3037 -0.1842 -0.9348
0.449165 1.30234 0.008373 0.951786 0.670406 -0.3037 -0.1842 -0.9348
0.328959 1.17088 0.073328 0.924882 0.646921 -0.3037 -0.1842 -0.9348
0.035534 1.30234 0.577684 0.951786 0.535401 -0.9829 -0.1842 -0
0.035534 1.30234 0.308895 0.946277 0.577806 -0.9829 -0.1842 -0
0.060164 1.17088 0.44329 0.924882 0.559189 -0.9829 -0.1842 -0
0.449165 1.30234 0.878206 0.759895 0.10887 -0.3037 -0.1842 0.9348
0.193527 1.30234 0.795144 0.759895 0.057969 -0.3037 -0.1842 0.9348
0.328959 1.17088 0.813251 0.784225 0.08208 -0.3037 -0.1842 0.9348
0.862796 1.30234 0.577684 0.726386 0.53823 0.7952 -0.1842 0.5777
0.704802 1.30234 0.795144 0.72863 0.587862 0.7952 -0.1842 0.5777
0.763874 1.17088 0.671936 0.702597 0.562412 0.7952 -0.1842 0.5777
0.519819 1.55238 0.225833 0.036538 0.236625 0.3316 0.7939 -0.5096
0.74847 1.45687 0.225832 0.041484 0.278551 0.3316 0.7939 -0.5096
0.56937 1.43379 0.073328 0.005298 0.25172 0.3316 0.7939 -0.5096
0.264185 1.55238 0.308895 0.04109 0.185254 -0.3822 0.7939 -0.4729
0.334839 1.45687 0.091437 0 0.20734 -0.3822 0.7939 -0.4729
0.134456 1.43379 0.214643 0.013043 0.164322 -0.3822 0.7939 -0.4729
0.264185 1.55238 0.577684 0.089939 0.173344 -0.5678 0.7939 0.2174
0.079204 1.45687 0.44329 0.053401 0.144059 -0.5678 0.7939 0.2174
0.134456 1.43379 0.671936 0.09615 0.144059 -0.5678 0.7939 0.2174
0.519819 1.55238 0.660746 0.706065 0.102945 0.0312 0.7939 0.6072
0.334839 1.45687 0.795142 0.729303 0.082761 0.0312 0.7939 0.6072
0.56937 1.43379 0.813251 0.732178 0.124258 0.0312 0.7939 0.6072
0.677813 1.55238 0.44329 0.082573 0.256464 0.5871 0.7939 0.1579
0.74847 1.45687 0.660747 0.120523 0.25928 0.5871 0.7939 0.1579
0.838166 1.43379 0.44329 0.083619 0.285473 0.5871 0.7939 0.1579
0.449165 1.59628 0.44329 0.075205 0.214143 0.1868 0.973 0.1357
0.519819 1.55238 0.660746 0.115577 0.217354 0.1868 0.973 0.1357
0.677813 1.55238 0.44329 0.082573 0.256464 0.1868 0.973 0.1357
0.519819 1.55238 0.660746 0.115577 0.217354 0.3712 0.8886 0.2697
0.74847 1.45687 0.660747 0.120523 0.25928 0.3712 0.8886 0.2697
0.677813 1.55238 0.44329 0.082573 0.256464 0.3712 0.8886 0.2697
0.519819 1.55238 0.660746 0.115577 0.217354 0.3316 0.7939 0.5096
0.56937 1.43379 0.813251 0.139769 0.218934 0.3316 0.7939 0.5096
0.74847 1.45687 0.660747 0.120523 0.25928 0.3316 0.7939 0.5096
0.449165 1.59628 0.44329 0.075205 0.214143 -0.0714 0.973 0.2196
0.264185 1.55238 0.577684 0.089939 0.173344 -0.0714 0.973 0.2196
0.519819 1.55238 0.660746 0.115577 0.217354 -0.0714 0.973 0.2196
0.264185 1.55238 0.577684 0.089939 0.173344 -0.1418 0.8886 0.4363
0.334839 1.45687 0.795142 0.127889 0.176159 -0.1418 0.8886 0.4363
0.519819 1.55238 0.660746 0.115577 0.217354 -0.1418 0.8886 0.4363
0.264185 1.55238 0.577684 0.706065 0.052045 -0.3822 0.7939 0.4729
0.134456 1.43379 0.671936 0.732178 0.037661 -0.3822 0.7939 0.4729
0.334839 1.45687 0.795142 0.729303 0.082761 -0.3822 0.7939 0.4729
0.449165 1.59628 0.44329 0.075205 0.214143 -0.2309 0.973 -0
0.264185 1.55238 0.308895 0.04109 0.185254 -0.2309 0.973 -0
0.264185 1.55238 0.577684 0.089939 0.173344 -0.2309 0.973 -0
0.264185 1.55238 0.308895 0.04109 0.185254 -0.4588 0.8886 -0
0.079204 1.45687 0.44329 0.053401 0.144059 -0.4588 0.8886 -0
0.264185 1.55238 0.577684 0.089939 0.173344 -0.4588 0.8886 -0
0.264185 1.55238 0.308895 0.04109 0.185254 -0.5678 0.7939 -0.2174
0.134456 1.43379 0.214643 0.013043 0.164322 -0.5678 0.7939 -0.2174
0.079204 1.45687 0.44329 0.053401 0.144059 -0.5678 0.7939 -0.2174
0.449165 1.59628 0.44329 0.075205 0.214143 -0.0714 0.973 -0.2196
0.519819 1.55238 0.225833 0.036538 0.236625 -0.0714 0.973 -0.2196
0.264185 1.55238 0.308895 0.04109 0.185254 -0.0714 0.973 -0.2196
0.519819 1.55238 0.225833 0.036538 0.236625 -0.1418 0.8886 -0.4363
0.334839 1.45687 0.091437 0 0.20734 -0.1418 0.8886 -0.4363
0.264185 1.55238 0.308895 0.04109 0.185254 -0.1418 0.8886 -0.4363
0.519819 1.55238 0.225833 0.036538 0.236625 0.0312 0.7939 -0.6072
0.56937 1.43379 0.073328 0.005298 0.25172 0.0312 0.7939 -0.6072
0.334839 1.45687 0.091437 0 0.20734 0.0312 0.7939 -0.6072
0.449165 1.59628 0.44329 0.075205 0.214143 0.1868 0.973 -0.1357
0.677813 1.55238 0.44329 0.082573 0.256464 0.1868 0.973 -0.1357
0.519819 1.55238 0.225833 0.036538 0.236625 0.1868 0.973 -0.1357
0.677813 1.55238 0.44329 0.082573 0.256464 0.3712 0.8886 -0.2697
0.74847 1.45687 0.225832 0.041484 0.278551 0.3712 0.8886 -0.2697
0.519819 1.55238 0.225833 0.036538 0.236625 0.3712 0.8886 -0.2697
0.677813 1.55238 0.44329 0.082573 0.256464 0.5871 0.7939 -0.1579
0.838166 1.43379 0.44329 0.083619 0.285473 0.5871 0.7939 -0.1579
0.74847 1.45687 0.225832 0.041484 0.278551 0.5871 0.7939 -0.1579
0.838166 1.43379 0.44329 0.75193 0.515033 0.837 0.4599 0.2964
0.74847 1.45687 0.660747 0.757628 0.560013 0.837 0.4599 0.2964
0.862796 1.30234 0.577684 0.726386 0.53823 0.837 0.4599 0.2964
0.74847 1.45687 0.660747 0.757628 0.560013 0.7785 0.2719 0.5656
0.704802 1.30234 0.795144 0.72863 0.587862 0.7785 0.2719 0.5656
0.862796 1.30234 0.577684 0.726386 0.53823 0.7785 0.2719 0.5656
0.74847 1.45687 0.660747 0.757628 0.560013 0.5406 0.4599 0.7045
0.56937 1.43379 0.813251 0.755748 0.599472 0.5406 0.4599 0.7045
0.704802 1.30234 0.795144 0.72863 0.587862 0.5406 0.4599 0.7045
0.56937 1.43379 0.813251 0.732178 0.124258 -0.0233 0.4599 0.8877
0.334839 1.45687 0.795142 0.729303 0.082761 -0.0233 0.4599 0.8877
0.449165 1.30234 0.878206 0.759895 0.10887 -0.0233 0.4599 0.8877
0.334839 1.45687 0.795142 0.729303 0.082761 -0.2974 0.2719 0.9152
0.193527 1.30234 0.795144 0.759895 0.057969 -0.2974 0.2719 0.9152
0.449165 1.30234 0.878206 0.759895 0.10887 -0.2974 0.2719 0.9152
0.334839 1.45687 0.795142 0.729303 0.082761 -0.5029 0.4599 0.7318
0.134456 1.43379 0.671936 0.732178 0.037661 -0.5029 0.4599 0.7318
0.193527 1.30234 0.795144 0.759895 0.057969 -0.5029 0.4599 0.7318
0.134456 1.43379 0.671936 0.732178 0.037661 -0.8514 0.4599 0.2522
0.079204 1.45687 0.44329 0.722295 0.00827003 -0.8514 0.4599 0.2522
0.035534 1.30234 0.577684 0.755564 0.011931 -0.8514 0.4599 0.2522
0.079204 1.45687 0.44329 0.979469 0.561498 -0.9623 0.2719 -0
0.035534 1.30234 0.308895 0.946277 0.577806 -0.9623 0.2719 -0
0.035534 1.30234 0.577684 0.951786 0.535401 -0.9623 0.2719 -0
0.079204 1.45687 0.44329 0.979469 0.561498 -0.8514 0.4599 -0.2522
0.134456 1.43379 0.214643 0.97198 0.603588 -0.8514 0.4599 -0.2522
0.035534 1.30234 0.308895 0.946277 0.577806 -0.8514 0.4599 -0.2522
0.134456 1.43379 0.214643 0.97198 0.603588 -0.5029 0.4599 -0.7318
0.334839 1.45687 0.091437 0.979469 0.644936 -0.5029 0.4599 -0.7318
0.193527 1.30234 0.091435 0.946277 0.629374 -0.5029 0.4599 -0.7318
0.334839 1.45687 0.091437 0.979469 0.644936 -0.2974 0.2719 -0.9152
0.449165 1.30234 0.008373 0.951786 0.670406 -0.2974 0.2719 -0.9152
0.193527 1.30234 0.091435 0.946277 0.629374 -0.2974 0.2719 -0.9152
0.334839 1.45687 0.091437 0.681711 0.487759 -0.0233 0.4599 -0.8877
0.56937 1.43379 0.073328 0.680386 0.526275 -0.0233 0.4599 -0.8877
0.449165 1.30234 0.008373 0.656354 0.499393 -0.0233 0.4599 -0.8877
0.56937 1.43379 0.073328 0.680386 0.526275 0.5406 0.4599 -0.7045
0.74847 1.45687 0.225832 0.681711 0.570231 0.5406 0.4599 -0.7045
0.704802 1.30234 0.091435 0.656354 0.550364 0.5406 0.4599 -0.7045
0.74847 1.45687 0.225832 0.681711 0.570231 0.7785 0.2719 -0.5656
0.862796 1.30234 0.308895 0.650997 0.596179 0.7785 0.2719 -0.5656
0.704802 1.30234 0.091435 0.656354 0.550364 0.7785 0.2719 -0.5656
0.74847 1.45687 0.225832 0.757628 0.481746 0.837 0.4599 -0.2964
0.838166 1.43379 0.44329 0.75193 0.515033 0.837 0.4599 -0.2964
0.862796 1.30234 0.308895 0.726386 0.489858 0.837 0.4599 -0.2964
0.56937 1.43379 0.813251 0.732178 0.124258 0.3037 0.1842 0.9348
0.449165 1.30234 0.878206 0.759895 0.10887 0.3037 0.1842 0.9348
0.704802 1.30234 0.795144 0.755564 0.14519 0.3037 0.1842 0.9348
0.449165 1.30234 0.878206 0.759895 0.10887 0.2974 -0.2719 0.9152
0.563491 1.1478 0.795142 0.786156 0.120398 0.2974 -0.2719 0.9152
0.704802 1.30234 0.795144 0.755564 0.14519 0.2974 -0.2719 0.9152
0.449165 1.30234 0.878206 0.759895 0.10887 0.0233 -0.4599 0.8877
0.328959 1.17088 0.813251 0.784225 0.08208 0.0233 -0.4599 0.8877
0.563491 1.1478 0.795142 0.786156 0.120398 0.0233 -0.4599 0.8877
0.134456 1.43379 0.671936 0.732178 0.037661 -0.7952 0.1842 0.5777
0.035534 1.30234 0.577684 0.755564 0.011931 -0.7952 0.1842 0.5777
0.193527 1.30234 0.795144 0.759895 0.057969 -0.7952 0.1842 0.5777
0.035534 1.30234 0.577684 0.755564 0.011931 -0.7785 -0.2719 0.5656
0.14986 1.1478 0.660747 0.786156 0.038039 -0.7785 -0.2719 0.5656
0.193527 1.30234 0.795144 0.759895 0.057969 -0.7785 -0.2719 0.5656
0.035534 1.30234 0.577684 0.257764 0.312859 -0.837 -0.4599 0.2964
0.060164 1.17088 0.44329 0.266883 0.339615 -0.837 -0.4599 0.2964
0.14986 1.1478 0.660747 0.22365 0.3292 -0.837 -0.4599 0.2964
0.134456 1.43379 0.214643 0.97198 0.603588 -0.7952 0.1842 -0.5777
0.193527 1.30234 0.091435 0.946277 0.629374 -0.7952 0.1842 -0.5777
0.035534 1.30234 0.308895 0.946277 0.577806 -0.7952 0.1842 -0.5777
0.193527 1.30234 0.091435 0.946277 0.629374 -0.7785 -0.2719 -0.5656
0.14986 1.1478 0.225832 0.918593 0.603276 -0.7785 -0.2719 -0.5656
0.035534 1.30234 0.308895 0.946277 0.577806 -0.7785 -0.2719 -0.5656
0.193527 1.30234 0.091435 0.946277 0.629374 -0.5406 -0.4599 -0.7045
0.328959 1.17088 0.073328 0.924882 0.646921 -0.5406 -0.4599 -0.7045
0.14986 1.1478 0.225832 0.918593 0.603276 -0.5406 -0.4599 -0.7045
0.56937 1.43379 0.073328 0.680386 0.526275 0.3037 0.1842 -0.9348
0.704802 1.30234 0.091435 0.656354 0.550364 0.3037 0.1842 -0.9348
0.449165 1.30234 0.008373 0.656354 0.499393 0.3037 0.1842 -0.9348
0.704802 1.30234 0.091435 0.656354 0.550364 0.2974 -0.2719 -0.9152
0.563491 1.1478 0.091437 0.62564 0.525342 0.2974 -0.2719 -0.9152
0.449165 1.30234 0.008373 0.656354 0.499393 0.2974 -0.2719 -0.9152
0.704802 1.30234 0.091435 0.656354 0.550364 0.5029 -0.4599 -0.7318
0.763874 1.17088 0.214643 0.628133 0.570421 0.5029 -0.4599 -0.7318
0.563491 1.1478 0.091437 0.62564 0.525342 0.5029 -0.4599 -0.7318
0.838166 1.43379 0.44329 0.75193 0.515033 0.9829 0.1842 -0
0.862796 1.30234 0.577684 0.726386 0.53823 0.9829 0.1842 -0
0.862796 1.30234 0.308895 0.726386 0.489858 0.9829 0.1842 -0
0.862796 1.30234 0.577684 0.726386 0.53823 0.9623 -0.2719 -0
0.819126 1.1478 0.44329 0.697389 0.517706 0.9623 -0.2719 -0
0.862796 1.30234 0.308895 0.726386 0.489858 0.9623 -0.2719 -0
0.862796 1.30234 0.577684 0.726386 0.53823 0.8514 -0.4599 0.2522
0.763874 1.17088 0.671936 0.702597 0.562412 0.8514 -0.4599 0.2522
0.819126 1.1478 0.44329 0.697389 0.517706 0.8514 -0.4599 0.2522
0.763874 1.17088 0.671936 0.702597 0.562412 0.3822 -0.7939 0.4729
0.563491 1.1478 0.795142 0.701019 0.598012 0.3822 -0.7939 0.4729
0.634145 1.05229 0.577684 0.681711 0.554653 0.3822 -0.7939 0.4729
0.563491 1.1478 0.795142 0.165084 0.372902 0.1418 -0.8886 0.4363
0.37851 1.05229 0.660746 0.195957 0.367607 0.1418 -0.8886 0.4363
0.634145 1.05229 0.577684 0.185265 0.41341 0.1418 -0.8886 0.4363
0.563491 1.1478 0.795142 0.165084 0.372902 -0.0312 -0.7939 0.6072
0.328959 1.17088 0.813251 0.185437 0.33604 -0.0312 -0.7939 0.6072
0.37851 1.05229 0.660746 0.195957 0.367607 -0.0312 -0.7939 0.6072
0.328959 1.17088 0.813251 0.185437 0.33604 -0.3316 -0.7939 0.5096
0.14986 1.1478 0.660747 0.22365 0.3292 -0.3316 -0.7939 0.5096
0.37851 1.05229 0.660746 0.195957 0.367607 -0.3316 -0.7939 0.5096
0.14986 1.1478 0.660747 0.22365 0.3292 -0.3712 -0.8886 0.2697
0.220516 1.05229 0.44329 0.24383 0.369708 -0.3712 -0.8886 0.2697
0.37851 1.05229 0.660746 0.195957 0.367607 -0.3712 -0.8886 0.2697
0.14986 1.1478 0.660747 0.22365 0.3292 -0.5871 -0.7939 0.1579
0.060164 1.17088 0.44329 0.266883 0.339615 -0.5871 -0.7939 0.1579
0.220516 1.05229 0.44329 0.24383 0.369708 -0.5871 -0.7939 0.1579
0.060164 1.17088 0.44329 0.266883 0.339615 -0.5871 -0.7939 -0.1579
0.14986 1.1478 0.225832 0.290416 0.378403 -0.5871 -0.7939 -0.1579
0.220516 1.05229 0.44329 0.24383 0.369708 -0.5871 -0.7939 -0.1579
0.14986 1.1478 0.225832 0.290416 0.378403 -0.3712 -0.8886 -0.2697
0.37851 1.05229 0.225833 0.262724 0.41681 -0.3712 -0.8886 -0.2697
0.220516 1.05229 0.44329 0.24383 0.369708 -0.3712 -0.8886 -0.2697
0.14986 1.1478 0.225832 0.290416 0.378403 -0.3316 -0.7939 -0.5096
0.328959 1.17088 0.073328 0.299028 0.419751 -0.3316 -0.7939 -0.5096
0.37851 1.05229 0.225833 0.262724 0.41681 -0.3316 -0.7939 -0.5096
0.763874 1.17088 0.671936 0.702597 0.562412 0.5678 -0.7939 0.2174
0.634145 1.05229 0.577684 0.681711 0.554653 0.5678 -0.7939 0.2174
0.819126 1.1478 0.44329 0.697389 0.517706 0.5678 -0.7939 0.2174
0.634145 1.05229 0.577684 0.185265 0.41341 0.4588 -0.8886 -0
0.634145 1.05229 0.308895 0.226528 0.443819 0.4588 -0.8886 -0
0.819126 1.1478 0.44329 0.195655 0.449114 0.4588 -0.8886 -0
0.634145 1.05229 0.577684 0.185265 0.41341 0.2309 -0.973 -0
0.449165 1.00839 0.44329 0.219771 0.404957 0.2309 -0.973 -0
0.634145 1.05229 0.308895 0.226528 0.443819 0.2309 -0.973 -0
0.328959 1.17088 0.073328 0.299028 0.419751 -0.0312 -0.7939 -0.6072
0.563491 1.1478 0.091437 0.273115 0.452515 -0.0312 -0.7939 -0.6072
0.37851 1.05229 0.225833 0.262724 0.41681 -0.0312 -0.7939 -0.6072
0.563491 1.1478 0.091437 0.273115 0.452515 0.1418 -0.8886 -0.4363
0.634145 1.05229 0.308895 0.226528 0.443819 0.1418 -0.8886 -0.4363
0.37851 1.05229 0.225833 0.262724 0.41681 0.1418 -0.8886 -0.4363
0.563491 1.1478 0.091437 0.62564 0.525342 0.3822 -0.7939 -0.4729
0.763874 1.17088 0.214643 0.628133 0.570421 0.3822 -0.7939 -0.4729
0.634145 1.05229 0.308895 0.601302 0.555692 0.3822 -0.7939 -0.4729
0.11247 0.734986 0.11247 0.445567 0.786199 0.3827 0 0.9239
0.11247 0.957906 0.11247 0.428661 0.825394 0.3827 0 0.9239
-0 0.734986 0.159057 0.430479 0.781002 0.3827 0 0.9239
0.11247 0.734986 0.11247 0.445567 0.786199 0.9239 0 0.3827
0.159057 0.734986 -0 0.467063 0.795378 0.9239 0 0.3827
0.11247 0.957906 0.11247 0.428661 0.825394 0.9239 0 0.3827
0.11247 0.734986 -0.11247 0.482375 0.803163 0.9239 0 -0.3827
0.11247 1 -0.11247 0.462277 0.849758 0.9239 0 -0.3827
0.159057 0.734986 -0 0.467063 0.795378 0.9239 0 -0.3827
-0.018973 1.19399 -1.04282 0.295825 0.562975 -0.9948 0.0757 -0.0683
-0.018973 1.16404 -1.07601 0.302861 0.567205 -0.9948 0.0757 -0.0683
-0.065722 0.992293 -0.585287 0.232735 0.617113 -0.9948 0.0757 -0.0683
0.065722 0.992293 -0.585287 0.992886 0.221848 0.3508 0.8696 0.3475
0.018973 1.19399 -1.04282 0.989391 0.298393 0.3508 0.8696 0.3475
-0 1.02969 -0.61251 0.981082 0.225282 0.3508 0.8696 0.3475
-0.112471 0.734986 -0.11247 0.170728 0.681668 -0.9239 0 -0.3827
-0.159057 0.734986 -0 0.148841 0.688354 -0.9239 0 -0.3827
-0.112471 1 -0.11247 0.154218 0.634451 -0.9239 0 -0.3827
0.053747 1.45937 -0.071217 0.268018 0.231965 0.3783 0.1515 -0.9132
0.104105 1.45937 -0.050358 0.278145 0.229416 0.3783 0.1515 -0.9132
0.017255 1.19092 -0.130857 0.268344 0.282768 0.3783 0.1515 -0.9132
-0.159057 0.734986 -0 0.685982 1 -0.9239 0 0.3827
-0.112471 0.791662 0.11247 0.673789 0.984315 -0.9239 0 0.3827
-0.159057 1 -0 0.708366 0.954884 -0.9239 0 0.3827
-0 0.734986 0.159057 0.64824 0.983378 -0.362 0.0469 0.931
0.034346 1 0.159057 0.665564 0.935282 -0.362 0.0469 0.931
-0.112471 0.791662 0.11247 0.673789 0.984315 -0.362 0.0469 0.931
-0.140827 -1 0.140827 0.043821 0.073612 0 -1 -0
-0.140827 -1 -0.140827 0.061973 0.124119 0 -1 -0
0.140827 -1 -0.140827 0.018151 0.143079 0 -1 -0
-0.140827 -1 0.140827 0.813294 0.833883 -0.3824 0.037 0.9232
0 -1 0.19916 0.784124 0.832843 -0.3824 0.037 0.9232
-0.11247 0 0.11247 0.815477 0.64286 -0.3824 0.037 0.9232
-0.19916 -1 -0 0.835762 0.83176 -0.9232 0.037 0.3824
-0.140827 -1 0.140827 0.813294 0.833883 -0.9232 0.037 0.3824
-0.159057 0 -0 0.833422 0.641165 -0.9232 0.037 0.3824
-0.140827 -1 -0.140827 0.280575 0.991629 -0.9232 0.037 -0.3824
-0.19916 -1 -0 0.25317 1 -0.9232 0.037 -0.3824
-0.11247 0 -0.11247 0.216517 0.81262 -0.9232 0.037 -0.3824
0 -1 -0.19916 0.302861 0.980811 -0.3824 0.037 -0.9232
-0.140827 -1 -0.140827 0.280575 0.991629 -0.3824 0.037 -0.9232
-0 0 -0.159057 0.234316 0.80398 -0.3824 0.037 -0.9232
0.140827 -1 -0.140827 0.858061 0.673476 0.3824 0.037 -0.9232
0 -1 -0.19916 0.88726 0.67276 0.3824 0.037 -0.9232
0.11247 0 -0.11247 0.862506 0.861124 0.3824 0.037 -0.9232
0.19916 -1 -0 0.835762 0.670406 0.9232 0.037 -0.3824
0.140827 -1 -0.140827 0.858061 0.673476 0.9232 0.037 -0.3824
0.159057 0 -0 0.844697 0.858672 0.9232 0.037 -0.3824
0.140827 -1 0.140827 0.574386 0.479434 0.9232 0.037 0.3824
0.19916 -1 -0 0.601302 0.490927 0.9232 0.037 0.3824
0.11247 0 0.11247 0.501306 0.656971 0.9232 0.037 0.3824
0 -1 0.19916 0.555494 0.472926 0.3824 0.037 0.9232
0.140827 -1 0.140827 0.574386 0.479434 0.3824 0.037 0.9232
0 0 0.159057 0.486219 0.651774 0.3824 0.037 0.9232
0.249938 1.91062 0.018287 0.723375 0.764046 -0.7991 0.4638 0.3824
0.243544 1.91468 -0 0.726305 0.764234 -0.7991 0.4638 0.3824
0.003389 1.45937 0.050358 0.718702 0.861692 -0.7991 0.4638 0.3824
0.003389 1.45937 0.050358 0.718702 0.861692 -0.8886 0.2739 0.3681
-0.017469 1.45937 -0 0.726305 0.864395 -0.8886 0.2739 0.3681
-0.075276 1.14747 0.09253 0.700155 0.920867 -0.8886 0.2739 0.3681
0.148112 1.14747 0.021946 0.431463 0.866084 0.8951 0.0971 0.4351
0.124964 1.45937 -0 0.409865 0.922231 0.8951 0.0971 0.4351
0.109785 1.18451 0.09253 0.414561 0.866699 0.8951 0.0971 0.4351
-0.075276 1.14747 -0.09253 0.145411 0.606498 -0.4634 0.2325 -0.8551
0.003389 1.45937 -0.050358 0.126784 0.547378 -0.4634 0.2325 -0.8551
0.017255 1.19092 -0.130857 0.157347 0.591649 -0.4634 0.2325 -0.8551
0.053747 1.45937 0.071217 0.709406 0.856953 -0.375 0.1998 0.9053
0.003389 1.45937 0.050358 0.718702 0.861692 -0.375 0.1998 0.9053
0.031565 1.14747 0.130857 0.680966 0.910917 -0.375 0.1998 0.9053
0.104105 1.45937 0.050358 0.40024 0.918121 0.3785 0.148 0.9137
0.053747 1.45937 0.071217 0.393485 0.915794 0.3785 0.148 0.9137
0.109785 1.18451 0.09253 0.414561 0.866699 0.3785 0.148 0.9137
0.109785 1.14747 -0.09253 0.447652 0.874144 0.9466 0.0601 -0.3169
0.104105 1.45937 -0.050358 0.416721 0.925717 0.9466 0.0601 -0.3169
0.148112 1.14747 0.021946 0.431463 0.866084 0.9466 0.0601 -0.3169
-0.113603 1.14747 -0 0.127404 0.611998 -0.8886 0.2739 -0.3681
-0.017469 1.45937 -0 0.116984 0.550372 -0.8886 0.2739 -0.3681
-0.075276 1.14747 -0.09253 0.145411 0.606498 -0.8886 0.2739 -0.3681
0.287208 1.88695 -0 0.608351 0.480947 0.5361 0.8442 -0
0.265376 1.90082 -0.025862 0.603367 0.483706 0.5361 0.8442 -0
0.249938 1.91062 -0.018287 0.601302 0.48105 0.5361 0.8442 -0
0.003389 1.45937 -0.050358 0.126784 0.547378 -0.369 0.2649 -0.8909
0.249938 1.91062 -0.018287 0.116784 0.452515 -0.369 0.2649 -0.8909
0.053747 1.45937 -0.071217 0.134753 0.54351 -0.369 0.2649 -0.8909
0.104105 1.45937 -0.050358 0.278145 0.229416 0.8721 -0.3302 -0.3612
0.280813 1.89102 -0.018287 0.291021 0.14075 0.8721 -0.3302 -0.3612
0.124964 1.45937 -0 0.286165 0.22873 0.8721 -0.3302 -0.3612
0.280813 1.89102 0.018287 0.384481 0.999079 0.3909 -0.092 0.9158
0.265376 1.90082 0.025862 0.381473 1 0.3909 -0.092 0.9158
0.104105 1.45937 0.050358 0.40024 0.918121 0.3909 -0.092 0.9158
0.265376 1.90082 0.025862 0.719591 0.764241 -0.3011 0.2392 0.9231
0.249938 1.91062 0.018287 0.723375 0.764046 -0.3011 0.2392 0.9231
0.053747 1.45937 0.071217 0.709406 0.856953 -0.3011 0.2392 0.9231
-0.017469 1.45937 -0 0.116984 0.550372 -0.8164 0.468 -0.3382
0.243544 1.91468 -0 0.113083 0.452804 -0.8164 0.468 -0.3382
0.003389 1.45937 -0.050358 0.126784 0.547378 -0.8164 0.468 -0.3382
0.053747 1.45937 -0.071217 0.268018 0.231965 0.3812 -0.0882 -0.9203
0.265376 1.90082 -0.025862 0.287379 0.139719 0.3812 -0.0882 -0.9203
0.104105 1.45937 -0.050358 0.278145 0.229416 0.3812 -0.0882 -0.9203
0.287208 1.88695 -0 0.388206 0.99984 0.8664 -0.3287 0.3759
0.280813 1.89102 0.018287 0.384481 0.999079 0.8664 -0.3287 0.3759
0.124964 1.45937 -0 0.409865 0.922231 0.8664 -0.3287 0.3759
-0.618126 0.877015 0.622454 0.96861 0.840527 -0.6978 -0.6655 0.2649
-0.620266 0.874798 0.611246 0.966993 0.839227 -0.6978 -0.6655 0.2649
-0.399577 0.559152 0.399577 0.985767 0.766246 -0.6978 -0.6655 0.2649
-0.424969 0.58243 0.338275 0.080726 0.743568 -0.8133 0 -0.5819
-0.620266 0.874798 0.611246 0.001683 0.712884 -0.8133 0 -0.5819
-0.424969 0.698744 0.338275 0.073479 0.722844 -0.8133 0 -0.5819
-0.11247 0.521586 -0.11247 0.184023 0.71969 -0.9239 0 -0.3827
-0.159057 0.521586 -0 0.162136 0.726375 -0.9239 0 -0.3827
-0.112471 0.734986 -0.11247 0.170728 0.681668 -0.9239 0 -0.3827
-0 0.491309 -0.159057 0.203708 0.716444 -0.3827 0 -0.9239
-0.11247 0.521586 -0.11247 0.184023 0.71969 -0.3827 0 -0.9239
-0 0.692323 -0.159057 0.191185 0.68063 -0.3827 0 -0.9239
-0 0.491309 -0.159057 0.886844 0.953385 0.3827 0 -0.9239
-0 0.692323 -0.159057 0.88726 0.991367 0.3827 0 -0.9239
0.11247 0.521586 -0.11247 0.863587 0.959678 0.3827 0 -0.9239
0.159057 0.521586 -0 0.845778 0.957226 0.9239 0 -0.3827
0.11247 0.521586 -0.11247 0.863587 0.959678 0.9239 0 -0.3827
0.159057 0.734986 -0 0.84622 0.997548 0.9239 0 -0.3827
0.11247 0.521586 0.11247 0.461751 0.748678 0.9239 0 0.3827
0.159057 0.521586 -0 0.483247 0.757857 0.9239 0 0.3827
0.11247 0.734986 0.11247 0.445567 0.786199 0.9239 0 0.3827
0.11247 0.521586 0.11247 0.461751 0.748678 0.3827 0 0.9239
0.11247 0.734986 0.11247 0.445567 0.786199 0.3827 0 0.9239
-0 0.521586 0.159057 0.446663 0.743481 0.3827 0 0.9239
0.018973 1.16404 -1.07601 0.989003 0.305914 0.3827 0.6859 -0.6189
-0 1.16505 -1.08662 0.985434 0.30785 0.3827 0.6859 -0.6189
0.018973 1.19399 -1.04282 0.989391 0.298393 0.3827 0.6859 -0.6189
-0.018973 1.16404 -1.07601 0.981742 0.305914 -0.3827 0.6859 -0.6189
-0.018973 1.19399 -1.04282 0.982131 0.298393 -0.3827 0.6859 -0.6189
-0 1.16505 -1.08662 0.985434 0.30785 -0.3827 0.6859 -0.6189
0.065722 0.837433 -0.585287 0.548874 0.856132 0.9955 0 -0.0948
0.018973 1.16404 -1.07601 0.601302 0.949865 0.9955 0 -0.0948
0.065722 0.992293 -0.585287 0.537129 0.88336 0.9955 0 -0.0948
-0 1.16505 -1.08662 0.768334 0.505913 0.2792 -0.7705 -0.573
0.018973 1.16404 -1.07601 0.771679 0.508416 0.2792 -0.7705 -0.573
-0 0.812502 -0.61251 0.757627 0.595962 0.2792 -0.7705 -0.573
-0 1.20706 -1.04007 0.98598 0.297303 -0.5689 0.7597 0.3151
-0.018973 1.19399 -1.04282 0.982131 0.298393 -0.5689 0.7597 0.3151
-0 1.02969 -0.61251 0.981082 0.225282 -0.5689 0.7597 0.3151
-0.065722 0.837433 -0.585287 0.983602 0.428136 -0.4824 -0.7073 -0.5167
-0.018973 1.16404 -1.07601 0.993265 0.530626 -0.4824 -0.7073 -0.5167
-0 0.812502 -0.61251 0.96966 0.431899 -0.4824 -0.7073 -0.5167
-0.112471 0.734986 -0.11247 0.993265 0.335967 -0.4274 -0.8739 -0.2316
-0.065722 0.837433 -0.585287 0.983602 0.428136 -0.4274 -0.8739 -0.2316
-0 0.692323 -0.159057 0.969407 0.342407 -0.4274 -0.8739 -0.2316
-0 1.02969 -0.61251 0.981082 0.225282 -0.5136 0.8556 -0.0647
-0.065722 0.992293 -0.585287 0.967737 0.221848 -0.5136 0.8556 -0.0647
-0 1.064 -0.159057 0.979801 0.139083 -0.5136 0.8556 -0.0647
-0 0.812502 -0.61251 0.96966 0.431899 0.4274 -0.8739 -0.2316
0.065722 0.837433 -0.585287 0.961348 0.426905 0.4274 -0.8739 -0.2316
-0 0.692323 -0.159057 0.969407 0.342407 0.4274 -0.8739 -0.2316
0.11247 0.734986 -0.11247 0.482375 0.803163 0.9951 0 -0.0984
0.065722 0.837433 -0.585287 0.548874 0.856132 0.9951 0 -0.0984
0.11247 1 -0.11247 0.462277 0.849758 0.9951 0 -0.0984
0.11247 1 -0.11247 1 0.133207 0.5136 0.8556 -0.0647
0.065722 0.992293 -0.585287 0.992886 0.221848 0.5136 0.8556 -0.0647
-0 1.064 -0.159057 0.979801 0.139083 0.5136 0.8556 -0.0647
-0.065722 0.992293 -0.585287 0.232735 0.617113 -0.9951 -0 -0.0984
-0.065722 0.837433 -0.585287 0.242383 0.644704 -0.9951 -0 -0.0984
-0.112471 1 -0.11247 0.154218 0.634451 -0.9951 -0 -0.0984
0 0 0.159057 0.486219 0.651774 0.3827 0 0.9239
0.11247 0 0.11247 0.501306 0.656971 0.3827 0 0.9239
-0 0.521586 0.159057 0.446663 0.743481 0.3827 0 0.9239
0.11247 0 0.11247 0.501306 0.656971 0.9239 0 0.3827
0.159057 0 -0 0.522803 0.66615 0.9239 0 0.3827
0.11247 0.521586 0.11247 0.461751 0.748678 0.9239 0 0.3827
0.159057 0 -0 0.844697 0.858672 0.9239 0 -0.3827
0.11247 0 -0.11247 0.862506 0.861124 0.9239 0 -0.3827
0.159057 0.521586 -0 0.845778 0.957226 0.9239 0 -0.3827
-0 0 -0.159057 0.885825 0.860552 0.3827 0 -0.9239
-0 0.491309 -0.159057 0.886844 0.953385 0.3827 0 -0.9239
0.11247 0 -0.11247 0.862506 0.861124 0.3827 0 -0.9239
-0 0 -0.159057 0.234316 0.80398 -0.3827 0 -0.9239
-0.11247 0 -0.11247 0.216517 0.81262 -0.3827 0 -0.9239
-0 0.491309 -0.159057 0.203708 0.716444 -0.3827 0 -0.9239
-0.11247 0 -0.11247 0.216517 0.81262 -0.9239 0 -0.3827
-0.159057 0 -0 0.19463 0.819305 -0.9239 0 -0.3827
-0.11247 0.521586 -0.11247 0.184023 0.71969 -0.9239 0 -0.3827
-0.11247 0 0.11247 0.815477 0.64286 -0.9239 0 0.3827
-0.11247 0.478878 0.11247 0.817626 0.551904 -0.9239 0 0.3827
-0.159057 0 -0 0.833422 0.641165 -0.9239 0 0.3827
-0.11247 0 0.11247 0.815477 0.64286 -0.3827 0 0.9239
0 0 0.159057 0.792181 0.64203 -0.3827 0 0.9239
-0.11247 0.478878 0.11247 0.817626 0.551904 -0.3827 0 0.9239
-0.607255 0.877667 0.626518 0.729702 0.829958 -0.2672 0.7598 0.5927
-0.597086 0.889776 0.615579 0.731337 0.832228 -0.2672 0.7598 0.5927
-0.618126 0.877015 0.622454 0.727564 0.830556 -0.2672 0.7598 0.5927
-0.620266 0.874798 0.611246 0.001683 0.712884 -0.7585 0.6514 0.016
-0.618126 0.877015 0.622454 0 0.712727 -0.7585 0.6514 0.016
-0.610097 0.886907 0.600308 0.003586 0.709721 -0.7585 0.6514 0.016
-0.603221 0.894764 0.606421 0.802991 0.144875 0.6302 0.7764 0.0006
-0.597086 0.889776 0.615579 0.801195 0.14519 0.6302 0.7764 0.0006
-0.399577 0.729635 0.399577 0.80938 0.086338 0.6302 0.7764 0.0006
-0.338275 0.58243 0.424969 0.739811 0.775381 -0.0901 -0.6162 0.7824
-0.607255 0.877667 0.626518 0.729702 0.829958 -0.0901 -0.6162 0.7824
-0.399577 0.559152 0.399577 0.726305 0.775381 -0.0901 -0.6162 0.7824
-0.597086 0.889776 0.615579 0.304408 0.764852 0.6491 0.1318 0.7492
-0.607255 0.877667 0.626518 0.302861 0.761745 0.6491 0.1318 0.7492
-0.338275 0.698744 0.424969 0.367263 0.749513 0.6491 0.1318 0.7492
-0.424969 0.698744 0.338275 0.82209 0.080908 0.1629 0.8523 -0.497
-0.610097 0.886907 0.600308 0.805055 0.144831 0.1629 0.8523 -0.497
-0.399577 0.729635 0.399577 0.80938 0.086338 0.1629 0.8523 -0.497
-0.159057 0.734986 -0 0.828243 0 -0.439 0.8622 -0.2527
-0.424969 0.698744 0.338275 0.82209 0.080908 -0.439 0.8622 -0.2527
-0.112471 0.791662 0.11247 0.804924 0.00996298 -0.439 0.8622 -0.2527
-0.338275 0.698744 0.424969 0.367263 0.749513 0.618 0 0.7862
-0.338275 0.58243 0.424969 0.376084 0.729062 0.618 0 0.7862
-0 0.734986 0.159057 0.430479 0.781002 0.618 0 0.7862
-0 0.521586 0.159057 0.998391 0.680723 0.1668 -0.8936 0.4166
-0.338275 0.58243 0.424969 0.99412 0.762779 0.1668 -0.8936 0.4166
-0.11247 0.478878 0.11247 0.983066 0.687084 0.1668 -0.8936 0.4166
-0.399577 0.729635 0.399577 0.80938 0.086338 0.2527 0.8622 0.439
-0.338275 0.698744 0.424969 0.79915 0.080908 0.2527 0.8622 0.439
-0.112471 0.791662 0.11247 0.804924 0.00996298 0.2527 0.8622 0.439
-0.159057 0.521586 -0 0.162136 0.726375 -0.7862 0 -0.618
-0.424969 0.58243 0.338275 0.080726 0.743568 -0.7862 0 -0.618
-0.159057 0.734986 -0 0.148841 0.688354 -0.7862 0 -0.618
-0.399577 0.559152 0.399577 0.985767 0.766246 -0.4166 -0.8936 -0.1668
-0.424969 0.58243 0.338275 0.972709 0.762779 -0.4166 -0.8936 -0.1668
-0.11247 0.478878 0.11247 0.983066 0.687084 -0.4166 -0.8936 -0.1668
-0.159057 1 -0 0.132331 0.641137 -0.8886 0.2739 -0.3681
-0.113603 1.14747 -0 0.127404 0.611998 -0.8886 0.2739 -0.3681
-0.112471 1 -0.11247 0.154218 0.634451 -0.8886 0.2739 -0.3681
0.11247 1 -0.11247 0.462277 0.849758 0.9522 0.0579 -0.3
0.109785 1.14747 -0.09253 0.447652 0.874144 0.9522 0.0579 -0.3
0.159057 1 0.035375 0.441176 0.839306 0.9522 0.0579 -0.3
0.217254 1.09415 0.294234 0.634408 0.900985 -0.6598 0.1273 0.7406
0.43706 1.28823 0.45668 0.603803 0.845993 -0.6598 0.1273 0.7406
0.212463 1.18785 0.273855 0.644861 0.885811 -0.6598 0.1273 0.7406
0.031565 1.14747 0.130857 0.680966 0.910917 -0.3327 0.1711 0.9274
-0.075276 1.14747 0.09253 0.700155 0.920867 -0.3327 0.1711 0.9274
0.034346 1 0.159057 0.665564 0.935282 -0.3327 0.1711 0.9274
-0.112471 1 -0.11247 0.154218 0.634451 -0.4834 0.2359 -0.843
-0.075276 1.14747 -0.09253 0.145411 0.606498 -0.4834 0.2359 -0.843
-0 1.064 -0.159057 0.16803 0.61441 -0.4834 0.2359 -0.843
0.444571 1.32719 0.436221 0.841893 0.14519 -0.004 0.855 -0.5186
0.454602 1.31898 0.422616 0.838589 0.144247 -0.004 0.855 -0.5186
0.261841 1.21256 0.248631 0.842079 0.09121 -0.004 0.855 -0.5186
-0.075276 1.14747 0.09253 0.700155 0.920867 -0.8886 0.2739 0.3681
-0.113603 1.14747 -0 0.714125 0.925834 -0.8886 0.2739 0.3681
-0.112471 1 0.11247 0.691386 0.948847 -0.8886 0.2739 0.3681
0.017255 1.19092 -0.130857 0.268344 0.282768 0.4339 0.1388 -0.8902
0.109785 1.14747 -0.09253 0.288855 0.286071 0.4339 0.1388 -0.8902
-0 1.064 -0.159057 0.268499 0.306789 0.4339 0.1388 -0.8902
0.444571 1.32719 0.436221 0.369719 0.870878 0.3545 0.316 0.8801
0.429851 1.3173 0.4457 0.367941 0.868204 0.3545 0.316 0.8801
0.455445 1.28165 0.448192 0.371936 0.862131 0.3545 0.316 0.8801
0.454602 1.31898 0.422616 0.373233 0.870612 0.8407 0.3661 0.399
0.444571 1.32719 0.436221 0.369719 0.870878 0.8407 0.3661 0.399
0.463583 1.28979 0.430482 0.374757 0.865019 0.8407 0.3661 0.399
0.454602 1.31898 0.422616 0.069009 0.046518 0.7726 0.0676 -0.6313
0.463583 1.28979 0.430482 0.075055 0.046403 0.7726 0.0676 -0.6313
0.287317 1.18862 0.203926 0.071684 0.098374 0.7726 0.0676 -0.6313
0.29737 1.09486 0.214828 0.413797 0.844522 0.7269 -0.6843 0.0582
0.463583 1.28979 0.430482 0.374757 0.865019 0.7269 -0.6843 0.0582
0.268246 1.06819 0.264952 0.405684 0.835617 0.7269 -0.6843 0.0582
0.455445 1.28165 0.448192 0.601302 0.845668 0.0844 -0.6906 0.7183
0.43706 1.28823 0.45668 0.603803 0.845993 0.0844 -0.6906 0.7183
0.268246 1.06819 0.264952 0.627336 0.9015 0.0844 -0.6906 0.7183
0.212463 1.18785 0.273855 0.851938 0.087255 -0.4726 0.8789 -0.0643
0.429851 1.3173 0.4457 0.845041 0.144166 -0.4726 0.8789 -0.0643
0.261841 1.21256 0.248631 0.842079 0.09121 -0.4726 0.8789 -0.0643
0.031565 1.14747 0.130857 0.85878 0.042901 -0.3476 0.9202 0.1799
0.212463 1.18785 0.273855 0.851938 0.087255 -0.3476 0.9202 0.1799
0.109785 1.18451 0.09253 0.843337 0.049294 -0.3476 0.9202 0.1799
0.268246 1.06819 0.264952 0.158914 0.285473 -0.0465 -0.7862 0.6162
0.217254 1.09415 0.294234 0.146634 0.284208 -0.0465 -0.7862 0.6162
0.11247 0.957906 0.11247 0.158914 0.255531 -0.0465 -0.7862 0.6162
0.159057 1 0.035375 0.441176 0.839306 0.6147 -0.7866 -0.058
0.29737 1.09486 0.214828 0.413797 0.844522 0.6147 -0.7866 -0.058
0.11247 0.957906 0.11247 0.428661 0.825394 0.6147 -0.7866 -0.058
0.287317 1.18862 0.203926 0.071684 0.098374 0.7926 0.0141 -0.6095
0.29737 1.09486 0.214828 0.089401 0.102136 0.7926 0.0141 -0.6095
0.148112 1.14747 0.021946 0.061973 0.137072 0.7926 0.0141 -0.6095
0.261841 1.21256 0.248631 0.842079 0.09121 0.209 0.9067 -0.3665
0.287317 1.18862 0.203926 0.83234 0.087292 0.209 0.9067 -0.3665
0.109785 1.18451 0.09253 0.843337 0.049294 0.209 0.9067 -0.3665
0.034346 1 0.159057 0.665564 0.935282 -0.6327 0.1339 0.7628
0.217254 1.09415 0.294234 0.634408 0.900985 -0.6327 0.1339 0.7628
0.031565 1.14747 0.130857 0.680966 0.910917 -0.6327 0.1339 0.7628
0.11247 0.957906 0.11247 0.428661 0.825394 0.4859 -0.063 0.8717
0.034346 1 0.159057 0.41266 0.828112 0.4859 -0.063 0.8717
-0 0.734986 0.159057 0.430479 0.781002 0.4859 -0.063 0.8717
0.159057 0.734986 -0 0.467063 0.795378 0.8694 -0.0654 0.4897
0.159057 1 0.035375 0.441176 0.839306 0.8694 -0.0654 0.4897
0.11247 0.957906 0.11247 0.428661 0.825394 0.8694 -0.0654 0.4897
0.11247 1 -0.11247 0.462277 0.849758 0.953 0.0401 -0.3003
0.159057 1 0.035375 0.441176 0.839306 0.953 0.0401 -0.3003
0.159057 0.734986 -0 0.467063 0.795378 0.953 0.0401 -0.3003
-0.018973 1.16404 -1.07601 0.302861 0.567205 -0.9955 -0 -0.0948
-0.065722 0.837433 -0.585287 0.242383 0.644704 -0.9955 -0 -0.0948
-0.065722 0.992293 -0.585287 0.232735 0.617113 -0.9955 -0 -0.0948
0.018973 1.19399 -1.04282 0.989391 0.298393 0.5689 0.7597 0.3151
-0 1.20706 -1.04007 0.98598 0.297303 0.5689 0.7597 0.3151
-0 1.02969 -0.61251 0.981082 0.225282 0.5689 0.7597 0.3151
-0.159057 0.734986 -0 0.148841 0.688354 -0.9239 0 -0.3827
-0.159057 1 -0 0.132331 0.641137 -0.9239 0 -0.3827
-0.112471 1 -0.11247 0.154218 0.634451 -0.9239 0 -0.3827
0.104105 1.45937 -0.050358 0.278145 0.229416 0.4305 0.1286 -0.8934
0.109785 1.14747 -0.09253 0.288855 0.286071 0.4305 0.1286 -0.8934
0.017255 1.19092 -0.130857 0.268344 0.282768 0.4305 0.1286 -0.8934
-0.112471 0.791662 0.11247 0.673789 0.984315 -0.9239 0 0.3827
-0.112471 1 0.11247 0.691386 0.948847 -0.9239 0 0.3827
-0.159057 1 -0 0.708366 0.954884 -0.9239 0 0.3827
0.034346 1 0.159057 0.665564 0.935282 -0.3025 -0 0.9532
-0.112471 1 0.11247 0.691386 0.948847 -0.3025 -0 0.9532
-0.112471 0.791662 0.11247 0.673789 0.984315 -0.3025 -0 0.9532
0.140827 -1 0.140827 0 0.092572 0 -1 -0
0 -1 0.19916 0.018151 0.072631 0 -1 -0
-0.140827 -1 0.140827 0.043821 0.073612 0 -1 -0
0.140827 -1 -0.140827 0.018151 0.143079 0 -1 -0
0.19916 -1 -0 0 0.121753 0 -1 -0
0.140827 -1 0.140827 0 0.092572 0 -1 -0
-0.140827 -1 -0.140827 0.061973 0.124119 0 -1 -0
0 -1 -0.19916 0.043821 0.144059 0 -1 -0
0.140827 -1 -0.140827 0.018151 0.143079 0 -1 -0
-0.140827 -1 0.140827 0.043821 0.073612 0 -1 -0
-0.19916 -1 -0 0.061973 0.094938 0 -1 -0
-0.140827 -1 -0.140827 0.061973 0.124119 0 -1 -0
0.140827 -1 -0.140827 0.018151 0.143079 0 -1 -0
0.140827 -1 0.140827 0 0.092572 0 -1 -0
-0.140827 -1 0.140827 0.043821 0.073612 0 -1 -0
0 -1 0.19916 0.784124 0.832843 -0.3824 0.037 0.9232
0 0 0.159057 0.792181 0.64203 -0.3824 0.037 0.9232
-0.11247 0 0.11247 0.815477 0.64286 -0.3824 0.037 0.9232
-0.140827 -1 0.140827 0.813294 0.833883 -0.9232 0.037 0.3824
-0.11247 0 0.11247 0.815477 0.64286 -0.9232 0.037 0.3824
-0.159057 0 -0 0.833422 0.641165 -0.9232 0.037 0.3824
-0.19916 -1 -0 0.25317 1 -0.9232 0.037 -0.3824
-0.159057 0 -0 0.19463 0.819305 -0.9232 0.037 -0.3824
-0.11247 0 -0.11247 0.216517 0.81262 -0.9232 0.037 -0.3824
-0.140827 -1 -0.140827 0.280575 0.991629 -0.3824 0.037 -0.9232
-0.11247 0 -0.11247 0.216517 0.81262 -0.3824 0.037 -0.9232
-0 0 -0.159057 0.234316 0.80398 -0.3824 0.037 -0.9232
0 -1 -0.19916 0.88726 0.67276 0.3824 0.037 -0.9232
-0 0 -0.159057 0.885825 0.860552 0.3824 0.037 -0.9232
0.11247 0 -0.11247 0.862506 0.861124 0.3824 0.037 -0.9232
0.140827 -1 -0.140827 0.858061 0.673476 0.9232 0.037 -0.3824
0.11247 0 -0.11247 0.862506 0.861124 0.9232 0.037 -0.3824
0.159057 0 -0 0.844697 0.858672 0.9232 0.037 -0.3824
0.19916 -1 -0 0.601302 0.490927 0.9232 0.037 0.3824
0.159057 0 -0 0.522803 0.66615 0.9232 0.037 0.3824
0.11247 0 0.11247 0.501306 0.656971 0.9232 0.037 0.3824
0.140827 -1 0.140827 0.574386 0.479434 0.3824 0.037 0.9232
0.11247 0 0.11247 0.501306 0.656971 0.3824 0.037 0.9232
0 0 0.159057 0.486219 0.651774 0.3824 0.037 0.9232
0.243544 1.91468 -0 0.726305 0.764234 -0.8164 0.468 0.3382
-0.017469 1.45937 -0 0.726305 0.864395 -0.8164 0.468 0.3382
0.003389 1.45937 0.050358 0.718702 0.861692 -0.8164 0.468 0.3382
-0.017469 1.45937 -0 0.726305 0.864395 -0.8886 0.2739 0.3681
-0.113603 1.14747 -0 0.714125 0.925834 -0.8886 0.2739 0.3681
-0.075276 1.14747 0.09253 0.700155 0.920867 -0.8886 0.2739 0.3681
0.124964 1.45937 -0 0.409865 0.922231 0.9211 0.0776 0.3815
0.104105 1.45937 0.050358 0.40024 0.918121 0.9211 0.0776 0.3815
0.109785 1.18451 0.09253 0.414561 0.866699 0.9211 0.0776 0.3815
0.003389 1.45937 -0.050358 0.126784 0.547378 -0.3706 0.2492 -0.8947
0.053747 1.45937 -0.071217 0.134753 0.54351 -0.3706 0.2492 -0.8947
0.017255 1.19092 -0.130857 0.157347 0.591649 -0.3706 0.2492 -0.8947
0.003389 1.45937 0.050358 0.718702 0.861692 -0.3303 0.2078 0.9207
-0.075276 1.14747 0.09253 0.700155 0.920867 -0.3303 0.2078 0.9207
0.031565 1.14747 0.130857 0.680966 0.910917 -0.3303 0.2078 0.9207
0.053747 1.45937 0.071217 0.393485 0.915794 0.3778 0.1479 0.914
0.031565 1.14747 0.130857 0.405906 0.856126 0.3778 0.1479 0.914
0.109785 1.18451 0.09253 0.414561 0.866699 0.3778 0.1479 0.914
0.104105 1.45937 -0.050358 0.416721 0.925717 0.9231 0.0416 -0.3824
0.124964 1.45937 -0 0.409865 0.922231 0.9231 0.0416 -0.3824
0.148112 1.14747 0.021946 0.431463 0.866084 0.9231 0.0416 -0.3824
-0.017469 1.45937 -0 0.116984 0.550372 -0.8886 0.2739 -0.3681
0.003389 1.45937 -0.050358 0.126784 0.547378 -0.8886 0.2739 -0.3681
-0.075276 1.14747 -0.09253 0.145411 0.606498 -0.8886 0.2739 -0.3681
0.265376 1.90082 0.025862 0.606287 0.474494 0.5361 0.8442 -0
0.280813 1.89102 0.018287 0.608351 0.477149 0.5361 0.8442 -0
0.287208 1.88695 -0 0.608351 0.480947 0.5361 0.8442 -0
0.287208 1.88695 -0 0.608351 0.480947 0.5361 0.8442 -0
0.249938 1.91062 0.018287 0.603367 0.474537 0.5361 0.8442 -0
0.265376 1.90082 0.025862 0.606287 0.474494 0.5361 0.8442 -0
0.287208 1.88695 -0 0.608351 0.480947 0.5361 0.8442 -0
0.249938 1.91062 -0.018287 0.601302 0.48105 0.5361 0.8442 -0
0.243544 1.91468 -0 0.601302 0.477253 0.5361 0.8442 -0
0.287208 1.88695 -0 0.608351 0.480947 0.5361 0.8442 -0
0.280813 1.89102 -0.018287 0.606287 0.483663 0.5361 0.8442 -0
0.265376 1.90082 -0.025862 0.603367 0.483706 0.5361 0.8442 -0
0.243544 1.91468 -0 0.601302 0.477253 0.5361 0.8442 -0
0.249938 1.91062 0.018287 0.603367 0.474537 0.5361 0.8442 -0
0.287208 1.88695 -0 0.608351 0.480947 0.5361 0.8442 -0
0.249938 1.91062 -0.018287 0.116784 0.452515 -0.3011 0.2392 -0.9231
0.265376 1.90082 -0.025862 0.120021 0.453036 -0.3011 0.2392 -0.9231
0.053747 1.45937 -0.071217 0.134753 0.54351 -0.3011 0.2392 -0.9231
0.280813 1.89102 -0.018287 0.291021 0.14075 0.8664 -0.3287 -0.3759
0.287208 1.88695 -0 0.293919 0.141311 0.8664 -0.3287 -0.3759
0.124964 1.45937 -0 0.286165 0.22873 0.8664 -0.3287 -0.3759
0.265376 1.90082 0.025862 0.381473 1 0.3812 -0.0882 0.9203
0.053747 1.45937 0.071217 0.393485 0.915794 0.3812 -0.0882 0.9203
0.104105 1.45937 0.050358 0.40024 0.918121 0.3812 -0.0882 0.9203
0.249938 1.91062 0.018287 0.723375 0.764046 -0.369 0.2649 0.8909
0.003389 1.45937 0.050358 0.718702 0.861692 -0.369 0.2649 0.8909
0.053747 1.45937 0.071217 0.709406 0.856953 -0.369 0.2649 0.8909
0.243544 1.91468 -0 0.113083 0.452804 -0.7991 0.4638 -0.3824
0.249938 1.91062 -0.018287 0.116784 0.452515 -0.7991 0.4638 -0.3824
0.003389 1.45937 -0.050358 0.126784 0.547378 -0.7991 0.4638 -0.3824
0.265376 1.90082 -0.025862 0.287379 0.139719 0.3909 -0.092 -0.9158
0.280813 1.89102 -0.018287 0.291021 0.14075 0.3909 -0.092 -0.9158
0.104105 1.45937 -0.050358 0.278145 0.229416 0.3909 -0.092 -0.9158
0.280813 1.89102 0.018287 0.384481 0.999079 0.8721 -0.3302 0.3612
0.104105 1.45937 0.050358 0.40024 0.918121 0.8721 -0.3302 0.3612
0.124964 1.45937 -0 0.409865 0.922231 0.8721 -0.3302 0.3612
-0.620266 0.874798 0.611246 0.966993 0.839227 -0.7856 -0.6117 0.0931
-0.424969 0.58243 0.338275 0.972709 0.762779 -0.7856 -0.6117 0.0931
-0.399577 0.559152 0.399577 0.985767 0.766246 -0.7856 -0.6117 0.0931
-0.620266 0.874798 0.611246 0.001683 0.712884 -0.7795 0.0953 -0.6191
-0.610097 0.886907 0.600308 0.003586 0.709721 -0.7795 0.0953 -0.6191
-0.424969 0.698744 0.338275 0.073479 0.722844 -0.7795 0.0953 -0.6191
-0.159057 0.521586 -0 0.162136 0.726375 -0.9239 0 -0.3827
-0.159057 0.734986 -0 0.148841 0.688354 -0.9239 0 -0.3827
-0.112471 0.734986 -0.11247 0.170728 0.681668 -0.9239 0 -0.3827
-0.11247 0.521586 -0.11247 0.184023 0.71969 -0.3827 0 -0.9239
-0.112471 0.734986 -0.11247 0.170728 0.681668 -0.3827 0 -0.9239
-0 0.692323 -0.159057 0.191185 0.68063 -0.3827 0 -0.9239
-0 0.692323 -0.159057 0.88726 0.991367 0.3827 0 -0.9239
0.11247 0.734986 -0.11247 0.864029 1 0.3827 0 -0.9239
0.11247 0.521586 -0.11247 0.863587 0.959678 0.3827 0 -0.9239
0.11247 0.521586 -0.11247 0.863587 0.959678 0.9239 0 -0.3827
0.11247 0.734986 -0.11247 0.864029 1 0.9239 0 -0.3827
0.159057 0.734986 -0 0.84622 0.997548 0.9239 0 -0.3827
0.159057 0.521586 -0 0.483247 0.757857 0.9239 0 0.3827
0.159057 0.734986 -0 0.467063 0.795378 0.9239 0 0.3827
0.11247 0.734986 0.11247 0.445567 0.786199 0.9239 0 0.3827
0.11247 0.734986 0.11247 0.445567 0.786199 0.3827 0 0.9239
-0 0.734986 0.159057 0.430479 0.781002 0.3827 0 0.9239
-0 0.521586 0.159057 0.446663 0.743481 0.3827 0 0.9239
-0 1.16505 -1.08662 0.985434 0.30785 0.3827 0.6859 -0.6189
-0 1.20706 -1.04007 0.98598 0.297303 0.3827 0.6859 -0.6189
0.018973 1.19399 -1.04282 0.989391 0.298393 0.3827 0.6859 -0.6189
-0.018973 1.19399 -1.04282 0.982131 0.298393 -0.3827 0.6859 -0.6189
-0 1.20706 -1.04007 0.98598 0.297303 -0.3827 0.6859 -0.6189
-0 1.16505 -1.08662 0.985434 0.30785 -0.3827 0.6859 -0.6189
0.018973 1.16404 -1.07601 0.601302 0.949865 0.9948 0.0757 -0.0683
0.018973 1.19399 -1.04282 0.593599 0.952628 0.9948 0.0757 -0.0683
0.065722 0.992293 -0.585287 0.537129 0.88336 0.9948 0.0757 -0.0683
0.018973 1.16404 -1.07601 0.771679 0.508416 0.4824 -0.7073 -0.5167
0.065722 0.837433 -0.585287 0.771679 0.599472 0.4824 -0.7073 -0.5167
-0 0.812502 -0.61251 0.757627 0.595962 0.4824 -0.7073 -0.5167
-0.018973 1.19399 -1.04282 0.982131 0.298393 -0.3508 0.8696 0.3475
-0.065722 0.992293 -0.585287 0.967737 0.221848 -0.3508 0.8696 0.3475
-0 1.02969 -0.61251 0.981082 0.225282 -0.3508 0.8696 0.3475
-0.018973 1.16404 -1.07601 0.993265 0.530626 -0.2792 -0.7705 -0.573
-0 1.16505 -1.08662 0.989901 0.532486 -0.2792 -0.7705 -0.573
-0 0.812502 -0.61251 0.96966 0.431899 -0.2792 -0.7705 -0.573
-0.065722 0.837433 -0.585287 0.983602 0.428136 -0.4274 -0.8739 -0.2316
-0 0.812502 -0.61251 0.96966 0.431899 -0.4274 -0.8739 -0.2316
-0 0.692323 -0.159057 0.969407 0.342407 -0.4274 -0.8739 -0.2316
-0.065722 0.992293 -0.585287 0.967737 0.221848 -0.5136 0.8556 -0.0647
-0.112471 1 -0.11247 0.956962 0.133207 -0.5136 0.8556 -0.0647
-0 1.064 -0.159057 0.979801 0.139083 -0.5136 0.8556 -0.0647
0.065722 0.837433 -0.585287 0.961348 0.426905 0.4274 -0.8739 -0.2316
0.11247 0.734986 -0.11247 0.955182 0.333862 0.4274 -0.8739 -0.2316
-0 0.692323 -0.159057 0.969407 0.342407 0.4274 -0.8739 -0.2316
0.065722 0.837433 -0.585287 0.548874 0.856132 0.9951 0 -0.0984
0.065722 0.992293 -0.585287 0.537129 0.88336 0.9951 0 -0.0984
0.11247 1 -0.11247 0.462277 0.849758 0.9951 0 -0.0984
0.065722 0.992293 -0.585287 0.992886 0.221848 0.5136 0.8556 -0.0647
-0 1.02969 -0.61251 0.981082 0.225282 0.5136 0.8556 -0.0647
-0 1.064 -0.159057 0.979801 0.139083 0.5136 0.8556 -0.0647
-0.065722 0.837433 -0.585287 0.242383 0.644704 -0.9951 -0 -0.0984
-0.112471 0.734986 -0.11247 0.170728 0.681668 -0.9951 -0 -0.0984
-0.112471 1 -0.11247 0.154218 0.634451 -0.9951 -0 -0.0984
0.11247 0 0.11247 0.501306 0.656971 0.3827 0 0.9239
0.11247 0.521586 0.11247 0.461751 0.748678 0.3827 0 0.9239
-0 0.521586 0.159057 0.446663 0.743481 0.3827 0 0.9239
0.159057 0 -0 0.522803 0.66615 0.9239 0 0.3827
0.159057 0.521586 -0 0.483247 0.757857 0.9239 0 0.3827
0.11247 0.521586 0.11247 0.461751 0.748678 0.9239 0 0.3827
0.11247 0 -0.11247 0.862506 0.861124 0.9239 0 -0.3827
0.11247 0.521586 -0.11247 0.863587 0.959678 0.9239 0 -0.3827
0.159057 0.521586 -0 0.845778 0.957226 0.9239 0 -0.3827
-0 0.491309 -0.159057 0.886844 0.953385 0.3827 0 -0.9239
0.11247 0.521586 -0.11247 0.863587 0.959678 0.3827 0 -0.9239
0.11247 0 -0.11247 0.862506 0.861124 0.3827 0 -0.9239
-0.11247 0 -0.11247 0.216517 0.81262 -0.3827 0 -0.9239
-0.11247 0.521586 -0.11247 0.184023 0.71969 -0.3827 0 -0.9239
-0 0.491309 -0.159057 0.203708 0.716444 -0.3827 0 -0.9239
-0.159057 0 -0 0.19463 0.819305 -0.9239 0 -0.3827
-0.159057 0.521586 -0 0.162136 0.726375 -0.9239 0 -0.3827
-0.11247 0.521586 -0.11247 0.184023 0.71969 -0.9239 0 -0.3827
-0.11247 0.478878 0.11247 0.817626 0.551904 -0.9239 0 0.3827
-0.159057 0.521586 -0 0.835762 0.542097 -0.9239 0 0.3827
-0.159057 0 -0 0.833422 0.641165 -0.9239 0 0.3827
0 0 0.159057 0.792181 0.64203 -0.3827 0 0.9239
-0 0.521586 0.159057 0.794522 0.542962 -0.3827 0 0.9239
-0.11247 0.478878 0.11247 0.817626 0.551904 -0.3827 0 0.9239
-0.597086 0.889776 0.615579 0.731337 0.832228 -0.2672 0.7598 0.5927
-0.603221 0.894764 0.606421 0.729961 0.833883 -0.2672 0.7598 0.5927
-0.618126 0.877015 0.622454 0.727564 0.830556 -0.2672 0.7598 0.5927
-0.618126 0.877015 0.622454 0 0.712727 -0.7585 0.6514 0.016
-0.603221 0.894764 0.606421 0.002789 0.708092 -0.7585 0.6514 0.016
-0.610097 0.886907 0.600308 0.003586 0.709721 -0.7585 0.6514 0.016
-0.597086 0.889776 0.615579 0.801195 0.14519 0.4994 0.849 -0.1728
-0.338275 0.698744 0.424969 0.79915 0.080908 0.4994 0.849 -0.1728
-0.399577 0.729635 0.399577 0.80938 0.086338 0.4994 0.849 -0.1728
-0.607255 0.877667 0.626518 0.729702 0.829958 -0.2283 -0.6593 0.7164
-0.618126 0.877015 0.622454 0.727564 0.830556 -0.2283 -0.6593 0.7164
-0.399577 0.559152 0.399577 0.726305 0.775381 -0.2283 -0.6593 0.7164
-0.607255 0.877667 0.626518 0.302861 0.761745 0.5996 0 0.8003
-0.338275 0.58243 0.424969 0.376084 0.729062 0.5996 0 0.8003
-0.338275 0.698744 0.424969 0.367263 0.749513 0.5996 0 0.8003
-0.610097 0.886907 0.600308 0.805055 0.144831 -0.1591 0.6893 -0.7068
-0.603221 0.894764 0.606421 0.802991 0.144875 -0.1591 0.6893 -0.7068
-0.399577 0.729635 0.399577 0.80938 0.086338 -0.1591 0.6893 -0.7068
-0.424969 0.698744 0.338275 0.82209 0.080908 -0.439 0.8622 -0.2527
-0.399577 0.729635 0.399577 0.80938 0.086338 -0.439 0.8622 -0.2527
-0.112471 0.791662 0.11247 0.804924 0.00996298 -0.439 0.8622 -0.2527
-0.338275 0.58243 0.424969 0.376084 0.729062 0.618 0 0.7862
-0 0.521586 0.159057 0.446663 0.743481 0.618 0 0.7862
-0 0.734986 0.159057 0.430479 0.781002 0.618 0 0.7862
-0.338275 0.58243 0.424969 0.99412 0.762779 0.1668 -0.8936 0.4166
-0.399577 0.559152 0.399577 0.985767 0.766246 0.1668 -0.8936 0.4166
-0.11247 0.478878 0.11247 0.983066 0.687084 0.1668 -0.8936 0.4166
-0.338275 0.698744 0.424969 0.79915 0.080908 0.2527 0.8622 0.439
-0 0.734986 0.159057 0.786156 0 0.2527 0.8622 0.439
-0.112471 0.791662 0.11247 0.804924 0.00996298 0.2527 0.8622 0.439
-0.424969 0.58243 0.338275 0.080726 0.743568 -0.7862 0 -0.618
-0.424969 0.698744 0.338275 0.073479 0.722844 -0.7862 0 -0.618
-0.159057 0.734986 -0 0.148841 0.688354 -0.7862 0 -0.618
-0.424969 0.58243 0.338275 0.972709 0.762779 -0.4166 -0.8936 -0.1668
-0.159057 0.521586 -0 0.959108 0.680723 -0.4166 -0.8936 -0.1668
-0.11247 0.478878 0.11247 0.983066 0.687084 -0.4166 -0.8936 -0.1668
-0.113603 1.14747 -0 0.127404 0.611998 -0.8886 0.2739 -0.3681
-0.075276 1.14747 -0.09253 0.145411 0.606498 -0.8886 0.2739 -0.3681
-0.112471 1 -0.11247 0.154218 0.634451 -0.8886 0.2739 -0.3681
0.109785 1.14747 -0.09253 0.447652 0.874144 0.9474 0.0414 -0.3172
0.148112 1.14747 0.021946 0.431463 0.866084 0.9474 0.0414 -0.3172
0.159057 1 0.035375 0.441176 0.839306 0.9474 0.0414 -0.3172
0.43706 1.28823 0.45668 0.603803 0.845993 -0.658 0.1177 0.7437
0.429851 1.3173 0.4457 0.608308 0.841864 -0.658 0.1177 0.7437
0.212463 1.18785 0.273855 0.644861 0.885811 -0.658 0.1177 0.7437
-0.075276 1.14747 0.09253 0.700155 0.920867 -0.2963 0.201 0.9337
-0.112471 1 0.11247 0.691386 0.948847 -0.2963 0.201 0.9337
0.034346 1 0.159057 0.665564 0.935282 -0.2963 0.201 0.9337
-0.075276 1.14747 -0.09253 0.145411 0.606498 -0.4689 0.2518 -0.8466
0.017255 1.19092 -0.130857 0.157347 0.591649 -0.4689 0.2518 -0.8466
-0 1.064 -0.159057 0.16803 0.61441 -0.4689 0.2518 -0.8466
0.454602 1.31898 0.422616 0.838589 0.144247 -0.0396 0.8713 -0.4891
0.287317 1.18862 0.203926 0.83234 0.087292 -0.0396 0.8713 -0.4891
0.261841 1.21256 0.248631 0.842079 0.09121 -0.0396 0.8713 -0.4891
-0.113603 1.14747 -0 0.714125 0.925834 -0.8886 0.2739 0.3681
-0.159057 1 -0 0.708366 0.954884 -0.8886 0.2739 0.3681
-0.112471 1 0.11247 0.691386 0.948847 -0.8886 0.2739 0.3681
0.109785 1.14747 -0.09253 0.288855 0.286071 0.4409 0.1281 -0.8884
0.11247 1 -0.11247 0.293919 0.312859 0.4409 0.1281 -0.8884
-0 1.064 -0.159057 0.268499 0.306789 0.4409 0.1281 -0.8884
0.429851 1.3173 0.4457 0.367941 0.868204 0.4993 0.4117 0.7624
0.43706 1.28823 0.45668 0.368828 0.862373 0.4993 0.4117 0.7624
0.455445 1.28165 0.448192 0.371936 0.862131 0.4993 0.4117 0.7624
0.444571 1.32719 0.436221 0.369719 0.870878 0.7939 0.3247 0.514
0.455445 1.28165 0.448192 0.371936 0.862131 0.7939 0.3247 0.514
0.463583 1.28979 0.430482 0.374757 0.865019 0.7939 0.3247 0.514
0.463583 1.28979 0.430482 0.075055 0.046403 0.7865 0.0125 -0.6175
0.29737 1.09486 0.214828 0.089401 0.102136 0.7865 0.0125 -0.6175
0.287317 1.18862 0.203926 0.071684 0.098374 0.7865 0.0125 -0.6175
0.463583 1.28979 0.430482 0.374757 0.865019 0.7386 -0.6735 0.0299
0.455445 1.28165 0.448192 0.371936 0.862131 0.7386 -0.6735 0.0299
0.268246 1.06819 0.264952 0.405684 0.835617 0.7386 -0.6735 0.0299
0.43706 1.28823 0.45668 0.603803 0.845993 0.0681 -0.6846 0.7257
0.217254 1.09415 0.294234 0.634408 0.900985 0.0681 -0.6846 0.7257
0.268246 1.06819 0.264952 0.627336 0.9015 0.0681 -0.6846 0.7257
0.429851 1.3173 0.4457 0.845041 0.144166 -0.5476 0.8365 0.0222
0.444571 1.32719 0.436221 0.841893 0.14519 -0.5476 0.8365 0.0222
0.261841 1.21256 0.248631 0.842079 0.09121 -0.5476 0.8365 0.0222
0.212463 1.18785 0.273855 0.851938 0.087255 -0.3611 0.9134 0.1877
0.261841 1.21256 0.248631 0.842079 0.09121 -0.3611 0.9134 0.1877
0.109785 1.18451 0.09253 0.843337 0.049294 -0.3611 0.9134 0.1877
0.217254 1.09415 0.294234 0.146634 0.284208 -0.0536 -0.7839 0.6185
0.034346 1 0.159057 0.139769 0.253714 -0.0536 -0.7839 0.6185
0.11247 0.957906 0.11247 0.158914 0.255531 -0.0536 -0.7839 0.6185
0.29737 1.09486 0.214828 0.413797 0.844522 0.6155 -0.7858 -0.0605
0.268246 1.06819 0.264952 0.405684 0.835617 0.6155 -0.7858 -0.0605
0.11247 0.957906 0.11247 0.428661 0.825394 0.6155 -0.7858 -0.0605
0.29737 1.09486 0.214828 0.089401 0.102136 0.7913 0.003 -0.6115
0.159057 1 0.035375 0.089401 0.144059 0.7913 0.003 -0.6115
0.148112 1.14747 0.021946 0.061973 0.137072 0.7913 0.003 -0.6115
0.287317 1.18862 0.203926 0.83234 0.087292 0.2073 0.9081 -0.3639
0.148112 1.14747 0.021946 0.828243 0.042901 0.2073 0.9081 -0.3639
0.109785 1.18451 0.09253 0.843337 0.049294 0.2073 0.9081 -0.3639
0.217254 1.09415 0.294234 0.634408 0.900985 -0.6328 0.1335 0.7628
0.212463 1.18785 0.273855 0.644861 0.885811 -0.6328 0.1335 0.7628
0.031565 1.14747 0.130857 0.680966 0.910917 -0.6328 0.1335 0.7628
