Vertex Count: 45

Data:

1.1547 -0.816497 -0 0.583333 0.5 0.816495 0.577349 0.001771
0.290012 -0.816497 -0.499228 0.500129 0.5 0.471405 0.333333 -0.816497
0.57735 0 -0 0.541667 0.25 0.816492 0.577347 0.003236
0 0.816497 -0 0.5 0 -0.942809 0.333333 0
-0.288675 0 -0.5 0.458333 0.25 -0.942809 0.333333 0
-0.288675 0 0.5 0.375 0.25 -0.942809 0.333333 0
0 0.816497 -0 0.5 0 0.471405 0.333333 -0.816497
0.57735 0 -0 0.541667 0.25 0.471405 0.333333 -0.816497
-0.288675 0 -0.5 0.458333 0.25 0.471405 0.333333 -0.816497
0 0.816497 -0 0.5 0 0.471405 0.333333 0.816497
-0.288675 0 0.5 0.625 0.25 0.471405 0.333333 0.816497
0.57735 0 -0 0.541667 0.25 0.471405 0.333333 0.816497
-0.288675 0 -0.5 0.458333 0.25 -0.404873 0.577346 -0.709048
0.290012 -0.816497 -0.499228 0.500129 0.5 0.471404 0.333333 -0.816497
-0.57735 -0.816497 -1 0.416667 0.5 -0.406402 0.577349 -0.708171
0.57735 0 -0 0.541667 0.25 0.816492 0.577347 0.003236
0.287844 -0.816497 0.50048 0.666747 0.5 0.471405 0.333333 0.816497
1.1547 -0.816497 -0 0.583333 0.5 0.816495 0.577349 0.001771
-0.57735 -0.816497 1 0.75 0.5 -0.409735 0.577349 0.706247
0.287844 -0.816497 0.50048 0.666747 0.5 0.471405 0.333333 0.816497
-0.288675 0 0.5 0.625 0.25 -0.410964 0.577347 0.705534
-0.288675 0 0.5 0.375 0.25 -0.410964 0.577347 0.705534
-0.57735 -0.816497 -0.00147 0.333456 0.5 -0.942809 0.333333 0
-0.57735 -0.816497 1 0.25 0.5 -0.409735 0.577349 0.706247
-0.57735 -0.816497 -1 0.416667 0.5 -0.406402 0.577349 -0.708171
-0.57735 -0.816497 -0.00147 0.333456 0.5 -0.942809 0.333333 0
-0.288675 0 -0.5 0.458333 0.25 -0.404873 0.577346 -0.709048
1.1547 -0.816497 -0 0.75 0.75 0 -1 -0
0.287844 -0.816497 0.50048 0.56232 0.858357 0 -1 -0
0.290012 -0.816497 -0.499228 0.562789 0.641914 0 -1 -0
-0.57735 -0.816497 -1 0.375 0.533494 0 -1 0
0.290012 -0.816497 -0.499228 0.562789 0.641914 0 -1 0
-0.57735 -0.816497 -0.00147 0.375 0.749682 0 -1 0
-0.57735 -0.816497 -0.00147 0.375 0.749682 0 -1 0
0.287844 -0.816497 0.50048 0.56232 0.858357 0 -1 0
-0.57735 -0.816497 1 0.375 0.966506 0 -1 0
-0.288675 0 0.5 1 0 0 0 -0
-0.288675 0 0.5 1 1 0 0 -0
0.287844 -0.816497 0.50048 0 1 0 0 -0
-0.57735 -0.816497 -0.00147 1 0 0 0 -0
-0.57735 -0.816497 -0.00147 1 1 0 0 -0
-0.288675 0 0.5 0 1 0 0 -0
0.287844 -0.816497 0.50048 1 0 0 0 -0
0.287844 -0.816497 0.50048 1 1 0 0 -0
-0.57735 -0.816497 -0.00147 0 1 0 0 -0
